shape_id;shape_pt_lat;shape_pt_lon;shape_pt_sequence
3831148152;40.2296152682514;15.1585105751053;1
3831148152;40.2293999999977;15.1587699999976;2
3831148152;40.2293799999979;15.1589799999978;3
3831148152;40.2294199999979;15.1591099999979;4
3831148152;40.2288499999988;15.1597999999988;5
3831148152;40.228849999999;15.160039999999;6
3831148152;40.228939999999;15.160179999999;7
3831148152;40.229059999999;15.160249999999;8
3831148152;40.2295099999987;15.1602699999987;9
3831148152;40.2295599999986;15.1601699999986;10
3831148152;40.2297499999984;15.1600499999984;11
3831148152;40.230099999998;15.1597699999979;12
3831148152;40.2310199999969;15.1589399999966;13
3831148152;40.2313599999965;15.1586099999961;14
3831148152;40.2318499999958;15.1580099999953;15
3831148152;40.2326999999948;15.1570599999938;16
3831148152;40.2332499999941;15.1564099999928;17
3831148152;40.234059999993;15.1551699999909;18
3831148152;40.2342699999927;15.1548299999904;19
3831148152;40.2344499999924;15.1544899999899;20
3831148152;40.2344999999923;15.1543399999897;21
3831148152;40.234549999992;15.1540399999893;22
3831148152;40.2346699999912;15.1528499999877;23
3831148152;40.2347199999909;15.1525799999874;24
3831148152;40.2347899999908;15.152339999987;25
3831148152;40.2348999999906;15.1521499999867;26
3831148152;40.2354999999899;15.1513899999852;27
3831148152;40.2357899999896;15.1510699999846;28
3831148152;40.2361399999892;15.1505599999836;29
3831148152;40.236399999989;15.150249999983;30
3831148152;40.237589999988;15.1490299999803;31
3831148152;40.2385599999873;15.147999999978;32
3831148152;40.238999999987;15.147569999977;33
3831148152;40.2392499999868;15.1472899999764;34
3831148152;40.2394299999866;15.1470499999758;35
3831148152;40.2395299999865;15.1468399999754;36
3831148152;40.2396699999862;15.1464099999746;37
3831148152;40.2398399999859;15.1460199999737;38
3831148152;40.2399199999858;15.1458499999734;39
3831148152;40.2402299999855;15.1453499999723;40
3831148152;40.2407699999851;15.1446199999705;41
3831148152;40.2415899999845;15.1435699999679;42
3831148152;40.2422099999842;15.142829999966;43
3831148152;40.242719999984;15.1422899999645;44
3831148152;40.2431999999839;15.1418499999633;45
3831148152;40.2438799999837;15.1412899999616;46
3831148152;40.2449299999837;15.1405999999595;47
3831148152;40.2456899999837;15.1400399999577;48
3831148152;40.2459199999837;15.1399199999573;49
3831148152;40.2463399999839;15.1397699999567;50
3831148152;40.246579999984;15.1397199999564;51
3831148152;40.246839999984;15.139579999956;52
3831148152;40.2475399999842;15.139329999955;53
3831148152;40.2482799999845;15.1390399999539;54
3831148152;40.2487799999846;15.1388199999531;55
3831148152;40.2488699999847;15.1387599999529;56
3831148152;40.2493699999849;15.1385699999521;57
3831148152;40.249829999985;15.1382699999512;58
3831148152;40.2502899999851;15.1379399999501;59
3831148152;40.2503599999851;15.1378699999499;60
3831148152;40.2513199999854;15.1371999999477;61
3831148152;40.2519699999857;15.136679999946;62
3831148152;40.2520599999857;15.1365799999457;63
3831148152;40.2523799999858;15.136349999945;64
3831148152;40.2526099999859;15.1361499999443;65
3831148152;40.252869999986;15.1359499999437;66
3831148152;40.2533699999862;15.1356199999425;67
3831148152;40.2534399999863;15.1355999999425;68
3831148152;40.2541599999867;15.135179999941;69
3831148152;40.2542299999867;15.1351699999409;70
3831148152;40.2555599999876;15.1345999999388;71
3831148152;40.2559799999879;15.1344999999384;72
3831148152;40.2565299999883;15.1342799999375;73
3831148152;40.2570599999887;15.1338999999362;74
3831148152;40.2574799999889;15.133519999935;75
3831148152;40.2575599999889;15.1333699999345;76
3831148152;40.2576199999889;15.1330099999334;77
3831148152;40.2576899999881;15.130649999926;78
3831148152;40.2577199999876;15.1290099999206;79
3831148152;40.2578899999876;15.1284799999187;80
3831148152;40.2579399999876;15.1283599999183;81
3831148152;40.2582399999878;15.1279599999168;82
3831148152;40.2586799999881;15.1275299999151;83
3831148152;40.2591899999886;15.1271499999136;84
3831148152;40.2599199999893;15.1266499999116;85
3831148152;40.2603699999897;15.1264399999107;86
3831148152;40.2607999999902;15.1262999999101;87
3831148152;40.2614299999909;15.1261799999095;88
3831148152;40.2619399999916;15.1261699999094;89
3831148152;40.2625399999923;15.1262099999094;90
3831148152;40.2644199999946;15.1263999999098;91
3831148152;40.2657599999963;15.1267299999108;92
3831148152;40.2662699999969;15.1268299999111;93
3831148152;40.2664899999972;15.1269399999115;94
3831148152;40.2666599999974;15.127089999912;95
3831148152;40.2668199999976;15.1272699999127;96
3831148152;40.2669499999978;15.1274999999135;97
3831148152;40.2670299999979;15.1275799999138;98
3831148152;40.2672899999982;15.1274699999134;99
3831148152;40.2674799999984;15.1273199999128;100
3831148152;40.2678699999988;15.1271799999123;101
3831148152;40.2681999999992;15.1270099999117;102
3831148152;40.2684199999995;15.1268499999111;103
3831148152;40.2687499999999;15.1266799999105;104
3831148152;40.2689200000001;15.1266699999104;105
3831148152;40.2700500000015;15.1270499999119;106
3831148152;40.2701600000016;15.1270099999117;107
3831148152;40.2704400000019;15.1269699999116;108
3831148152;40.2706200000022;15.1268499999112;109
3831148152;40.2711800000029;15.1263999999096;110
3831148152;40.2715200000033;15.1258899999077;111
3831148152;40.2715900000034;15.1258399999075;112
3831148152;40.2716900000036;15.1258399999075;113
3831148152;40.272090000004;15.1260699999084;114
3831148152;40.2722100000042;15.1260999999085;115
3831148152;40.2723500000044;15.1260599999084;116
3831148152;40.2724000000044;15.1260799999085;117
3831148152;40.2725800000047;15.1259699999081;118
3831148152;40.2726400000047;15.1258599999077;119
3831148152;40.2726800000048;15.1257399999073;120
3831148152;40.2726700000048;15.1253499999058;121
3831148152;40.2727000000049;15.125149999905;122
3831148152;40.2729700000054;15.1244199999023;123
3831148152;40.2730800000055;15.1241799999014;124
3831148152;40.2733100000059;15.1238599999001;125
3831148152;40.2734500000061;15.1236299998993;126
3831148152;40.2735500000063;15.1233399998981;127
3831148152;40.2736100000064;15.1232299998977;128
3831148152;40.2738000000066;15.1231599998974;129
3831148152;40.2739400000068;15.1231699998975;130
3831148152;40.2742300000072;15.1231499998975;131
3831148152;40.2744900000076;15.123029999897;132
3831148152;40.2746400000078;15.1229099998966;133
3831148152;40.2750500000084;15.1225099998951;134
3831148152;40.2751500000086;15.1224499998948;135
3831148152;40.2752800000087;15.1223999998947;136
3831148152;40.2758800000096;15.1222899998943;137
3831148152;40.27616000001;15.1222799998944;138
3831148152;40.2765700000105;15.1223399998947;139
3831148152;40.276990000011;15.1223399998948;140
3831148152;40.2773600000115;15.1222699998946;141
3831148152;40.2779400000123;15.1222699998948;142
3831148152;40.2785900000132;15.1221299998944;143
3831148152;40.2788200000135;15.1220199998941;144
3831148152;40.2791900000141;15.1217599998931;145
3831148152;40.2800800000156;15.1209899998902;146
3831148152;40.2807500000167;15.1205599998887;147
3831148152;40.2808500000168;15.1205599998887;148
3831148152;40.2811100000171;15.1206599998893;149
3831148152;40.2812600000173;15.1206799998894;150
3831148152;40.2815800000177;15.1206799998896;151
3831148152;40.2821900000187;15.1203999998886;152
3831148152;40.2824400000191;15.1202599998882;153
3831148152;40.2826700000194;15.1201799998879;154
3831148152;40.2829100000197;15.1201499998879;155
3831148152;40.2832300000202;15.1201499998881;156
3831148152;40.2835800000206;15.1202299998886;157
3831148152;40.2837400000208;15.120299999889;158
3831148152;40.2838500000208;15.1204099998895;159
3831148152;40.2841900000211;15.1206699998907;160
3831148152;40.2844400000214;15.1206799998909;161
3831148152;40.2846100000217;15.1206299998908;162
3831148152;40.2847400000219;15.1206299998909;163
3831148152;40.284870000022;15.1206699998911;164
3831148152;40.2851400000223;15.1206599998912;165
3831148152;40.2853400000227;15.1205299998908;166
3831148152;40.285510000023;15.1203699998902;167
3831148152;40.2859500000239;15.1198399998882;168
3831148152;40.286050000024;15.1197599998879;169
3831148152;40.2865000000247;15.1195599998873;170
3831148152;40.2868100000252;15.1193499998866;171
3831148152;40.2870200000256;15.1192299998862;172
3831148152;40.287220000026;15.1190699998856;173
3831148152;40.2879600000271;15.1187499998847;174
3831148152;40.2883000000276;15.1186699998846;175
3831148152;40.2884100000277;15.1186599998846;176
3831148152;40.2885400000278;15.1188199998854;177
3831148152;40.2886200000278;15.1189799998862;178
3831148152;40.2887200000277;15.1192099998872;179
3831148152;40.2887400000277;15.1193499998879;180
3831148152;40.2886600000271;15.1200099998906;181
3831148152;40.2885900000269;15.1201899998913;182
3831148152;40.2883400000263;15.1205699998928;183
3831148152;40.2883200000262;15.1206599998931;184
3831148152;40.2883300000262;15.1207599998936;185
3831148152;40.2883900000262;15.120859999894;186
3831148152;40.2885900000263;15.1209699998946;187
3831148152;40.2888400000265;15.1210699998952;188
3831148152;40.2890600000267;15.1211999998959;189
3831148152;40.2892000000268;15.1212999998964;190
3831148152;40.2894900000269;15.1215499998976;191
3831148152;40.2898600000273;15.1216499998983;192
3831148152;40.2912800000289;15.1215399998989;193
3831148152;40.2916100000292;15.1216199998994;194
3831148152;40.2921200000295;15.1218499999007;195
3831148152;40.2922600000297;15.121879999901;196
3831148152;40.2927200000302;15.1218499999012;197
3831148152;40.2927700000301;15.1219699999017;198
3831148152;40.2928200000301;15.122019999902;199
3831148152;40.2929000000302;15.122009999902;200
3831148152;40.2934200000309;15.1217999999016;201
3831148152;40.2940600000318;15.1214499999007;202
3831148152;40.2942100000321;15.1213899999006;203
3831148152;40.2943000000321;15.1213899999007;204
3831148152;40.2945000000321;15.1216299999018;205
3831148152;40.295060000032;15.1223699999052;206
3831148152;40.295380000032;15.1226999999068;207
3831148152;40.295470000032;15.122719999907;208
3831148152;40.2955500000321;15.1226999999069;209
3831148152;40.2958200000326;15.1224699999063;210
3831148152;40.2960200000329;15.1222599999056;211
3831148152;40.2961800000333;15.122049999905;212
3831148152;40.296460000034;15.1216199999035;213
3831148152;40.2966300000343;15.1214099999028;214
3831148152;40.2967600000346;15.1212999999025;215
3831148152;40.2968900000347;15.1212399999024;216
3831148152;40.2970000000349;15.1212299999024;217
3831148152;40.297170000035;15.1212699999028;218
3831148152;40.297310000035;15.1213599999033;219
3831148152;40.297360000035;15.1214299999036;220
3831148152;40.2974900000348;15.1217199999049;221
3831148152;40.2975500000348;15.1217999999052;222
3831148152;40.2976000000347;15.1219299999058;223
3831148152;40.2978300000348;15.1219699999062;224
3831148152;40.2982100000353;15.1217999999059;225
3831148152;40.2984000000355;15.121789999906;226
3831148152;40.2985800000355;15.1218799999066;227
3831148152;40.2987500000355;15.1220799999075;228
3831148152;40.2988500000352;15.1223699999088;229
3831148152;40.2989300000349;15.1227299999102;230
3831148152;40.2990100000349;15.1228399999107;231
3831148152;40.2991200000349;15.1229199999111;232
3831148152;40.299270000035;15.1229399999114;233
3831148152;40.2996600000351;15.1231199999125;234
3831148152;40.300240000035;15.1235199999145;235
3831148152;40.3007200000347;15.1241599999174;236
3831148152;40.3018700000341;15.1253399999229;237
3831148152;40.3019900000341;15.1253999999232;238
3831148152;40.3020800000341;15.1253799999232;239
3831148152;40.3023200000344;15.125229999923;240
3831148152;40.3026300000348;15.1250899999228;241
3831148152;40.3028000000348;15.1251399999232;242
3831148152;40.3029300000346;15.125339999924;243
3831148152;40.3030400000343;15.1257099999254;244
3831148152;40.3032400000334;15.1265599999286;245
3831148152;40.3037300000324;15.1276199999326;246
3831148152;40.304030000032;15.1281199999346;247
3831148152;40.3041900000319;15.1282499999352;248
3831148152;40.304760000032;15.1282899999359;249
3831148152;40.3049500000319;15.1284699999367;250
3831148152;40.3050400000318;15.1285899999372;251
3831148152;40.3050400000316;15.1287099999376;252
3831148152;40.3049900000315;15.1288299999379;253
3831148152;40.3048700000314;15.128899999938;254
3831148152;40.3047000000313;15.128939999938;255
3831148152;40.3046000000312;15.1290199999381;256
3831148152;40.3045600000309;15.1292299999387;257
3831148152;40.3046700000301;15.1299699999411;258
3831148152;40.3050300000292;15.1308599999442;259
3831148152;40.3054100000283;15.1317399999472;260
3831148152;40.3055200000277;15.1322699999488;261
3831148152;40.3055900000275;15.1324099999493;262
3831148152;40.3057700000274;15.1325799999499;263
3831148152;40.3067400000271;15.1328999999518;264
3831148152;40.3072600000267;15.1332899999535;265
3831148152;40.3081100000263;15.1337199999556;266
3831148152;40.3083400000262;15.1337499999559;267
3831148152;40.3089800000265;15.1335399999561;268
3831148152;40.3092500000264;15.1336199999566;269
3831148152;40.3096300000264;15.1335599999569;270
3831148152;40.3099000000264;15.1335699999572;271
3831148152;40.3100000000263;15.1336399999575;272
3831148152;40.3100500000261;15.1337899999579;273
3831148152;40.3100400000258;15.1340399999586;274
3831148152;40.3099500000257;15.1341299999587;275
3831148152;40.3096300000256;15.1342699999587;276
3831148152;40.3093200000253;15.1345499999591;277
3831148152;40.3090800000251;15.1347299999593;278
3831148152;40.309060000025;15.1347999999594;279
3831148152;40.3090800000249;15.1348799999596;280
3831148152;40.3091300000248;15.1348999999598;281
3831148152;40.3092200000249;15.1348699999598;282
3831148152;40.3096200000252;15.1345999999595;283
3831148152;40.3101100000254;15.1343599999595;284
3831148152;40.3101900000254;15.1343699999596;285
3831148152;40.3102400000253;15.1344399999598;286
3831148152;40.3102500000252;15.1345199999601;287
3831148152;40.3101900000251;15.1345899999602;288
3831148152;40.3094100000244;15.1352299999609;289
3831148152;40.3089200000238;15.1357899999617;290
3831148152;40.3084900000235;15.1361199999621;291
3831148152;40.308340000023;15.1365299999629;292
3831148152;40.3083300000228;15.1366899999633;293
3831148152;40.3083700000228;15.1367599999635;294
3831148152;40.3084300000227;15.1367799999636;295
3831148152;40.3084800000228;15.1367399999636;296
3831148152;40.3085800000231;15.1364899999631;297
3831148152;40.3086700000232;15.1363599999629;298
3831148152;40.3087800000233;15.1362999999628;299
3831148152;40.3089100000233;15.1362799999629;300
3831148152;40.3092100000232;15.1363099999633;301
3831148152;40.3094700000232;15.1362299999634;302
3831148152;40.3097500000234;15.1360799999634;303
3831148152;40.3100100000234;15.1360099999635;304
3831148152;40.3106400000234;15.1359499999641;305
3831148152;40.3110100000235;15.1358399999642;306
3831148152;40.3111700000234;15.1358499999644;307
3831148152;40.3113900000233;15.1359499999649;308
3831148152;40.3115500000232;15.1359699999652;309
3831148152;40.3117300000232;15.1359399999653;310
3831148152;40.3119300000233;15.1358399999653;311
3831148152;40.3120400000232;15.1358499999654;312
3831148152;40.3120900000231;15.1359099999656;313
3831148152;40.312070000023;15.1360099999659;314
3831148152;40.3119800000229;15.136099999966;315
3831148152;40.3117000000228;15.136259999966;316
3831148152;40.3115100000227;15.136339999966;317
3831148152;40.3113100000228;15.1363699999658;318
3831148152;40.3110600000227;15.1364799999658;319
3831148152;40.3109500000225;15.136609999966;320
3831148152;40.3109300000223;15.1367799999664;321
3831148152;40.3110100000221;15.1369499999668;322
3831148152;40.3111600000219;15.1371199999674;323
3831148152;40.3112600000216;15.1372899999679;324
3831148152;40.3113000000214;15.1374599999683;325
3831148152;40.3113600000202;15.1385099999708;326
3831148152;40.3114400000198;15.1387799999714;327
3831148152;40.3120000000189;15.1394199999734;328
3831148152;40.3121000000186;15.1395999999739;329
3831148152;40.3123000000175;15.140539999976;330
3831148152;40.3123100000169;15.141019999977;331
3831148152;40.3123000000164;15.1414999999779;332
3831148152;40.312460000016;15.1417799999786;333
3831148152;40.3127200000156;15.1420099999794;334
3831148152;40.3129100000154;15.1421199999798;335
3831148152;40.3130000000153;15.1421199999799;336
3831148152;40.3132500000153;15.1420199999799;337
3831148152;40.3135600000152;15.1419999999802;338
3831148152;40.313710000015;15.1420499999805;339
3831148152;40.3137800000149;15.1421399999808;340
3831148152;40.3138700000146;15.1423799999813;341
3831148152;40.3142800000126;15.1438699999844;342
3831148152;40.3143900000124;15.1440199999847;343
3831148152;40.3144700000123;15.1440699999849;344
3831148152;40.3145700000122;15.144059999985;345
3831148152;40.3146900000123;15.1438999999849;346
3831148152;40.3147700000123;15.1438399999849;347
3831148152;40.3148600000123;15.143859999985;348
3831148152;40.3149600000121;15.1439199999852;349
3831148152;40.3151200000115;15.1443399999861;350
3831148152;40.3153000000105;15.1450999999875;351
3831148152;40.31519000001;15.1456299999882;352
3831148152;40.3151600000096;15.1459799999887;353
3831148152;40.315180000009;15.1465399999896;354
3831148152;40.3152400000088;15.1466999999899;355
3831148152;40.3154800000084;15.1468799999904;356
3831148152;40.3157200000079;15.147119999991;357
3831148152;40.3161300000074;15.1473199999917;358
3831148152;40.3163400000071;15.147379999992;359
3831148152;40.316400000007;15.1474799999923;360
3831148152;40.3164100000069;15.1475699999924;361
3831148152;40.3163700000068;15.1476699999925;362
3831148152;40.3159900000064;15.148329999993;363
3831148152;40.3159600000061;15.1485799999933;364
3831148152;40.3159900000059;15.1487799999936;365
3831148152;40.316330000005;15.1493699999947;366
3831148152;40.3163600000047;15.1495299999949;367
3831148152;40.3163400000044;15.1498299999953;368
3831148152;40.3164100000039;15.1502999999959;369
3831148152;40.3164000000037;15.1505099999962;370
3831148152;40.3163200000035;15.1507099999963;371
3831148152;40.3162300000034;15.1508799999964;372
3831148152;40.3161200000029;15.151499999997;373
3831148152;40.3161600000026;15.1517799999974;374
3831148152;40.3162800000018;15.1523999999982;375
3831148152;40.3163800000013;15.1528199999987;376
3831148152;40.3166400000007;15.1531299999993;377
3831148152;40.3167100000005;15.1532899999995;378
3831148152;40.3166800000004;15.1534299999996;379
3831148152;40.3166200000004;15.1534999999996;380
3831148152;40.3165400000004;15.1535599999996;381
3831148152;40.3164400000005;15.1535499999995;382
3831148152;40.3156600000018;15.1529299999981;383
3831148152;40.3152600000026;15.1524899999973;384
3831148152;40.3152100000027;15.1524799999973;385
3831148152;40.3151100000026;15.1526099999973;386
3831148152;40.3150200000024;15.1529099999975;387
3831148152;40.3149100000023;15.1531199999977;388
3831148152;40.3148400000023;15.1531499999976;389
3831148152;40.3146600000026;15.1530099999973;390
3831148152;40.3146000000027;15.1530099999973;391
3831148152;40.3143500000026;15.1532499999973;392
3831148152;40.3137800000029;15.153479999997;393
3831148152;40.3134800000029;15.1536699999969;394
3831148152;40.313390000003;15.1536899999969;395
3831148152;40.3132400000033;15.1535299999966;396
3831148152;40.3131900000034;15.1534099999964;397
3831148152;40.3132300000035;15.1532899999963;398
3831148152;40.3133200000035;15.1531499999962;399
3831148152;40.3134300000038;15.152789999996;400
3831148152;40.313800000004;15.1522799999957;401
3831148152;40.3138700000043;15.1518899999953;402
3831148152;40.3138600000046;15.1516499999951;403
3831148152;40.3134200000057;15.1508399999937;404
3831148152;40.3132800000059;15.1507299999934;405
3831148152;40.3128800000062;15.1507399999931;406
3831148152;40.3126800000064;15.1506899999928;407
3831148152;40.3125600000065;15.1506099999926;408
3831148152;40.3123800000069;15.1503899999922;409
3831148152;40.3121800000071;15.1502499999918;410
3831148152;40.3120600000072;15.1502499999917;411
3831148152;40.3115500000073;15.1505099999915;412
3831148152;40.3114700000073;15.1505199999915;413
3831148152;40.3114100000073;15.1504999999914;414
3831148152;40.3113400000075;15.1504299999913;415
3831148152;40.3112700000076;15.150299999991;416
3831148152;40.3107900000083;15.1498899999901;417
3831148152;40.3100200000091;15.1494299999887;418
3831148152;40.3099100000092;15.1494299999886;419
3831148152;40.3097300000092;15.1495399999886;420
3831148152;40.3095900000091;15.1496599999887;421
3831148152;40.3092100000092;15.1498099999886;422
3831148152;40.3089600000091;15.1499999999886;423
3831148152;40.3088600000091;15.1500199999885;424
3831148152;40.3087600000092;15.1499899999884;425
3831148152;40.3086300000093;15.1499099999882;426
3831148152;40.3084400000094;15.149909999988;427
3831148152;40.3082100000094;15.150039999988;428
3831148152;40.3080300000092;15.1503599999883;429
3831148152;40.3078400000088;15.1509099999889;430
3831148152;40.3078500000085;15.1511999999893;431
3831148152;40.3078400000084;15.1513999999895;432
3831148152;40.3078100000083;15.1515399999897;433
3831148152;40.3077800000083;15.1515799999897;434
3831148152;40.3077300000082;15.1515999999897;435
3831148152;40.3076600000083;15.1515799999896;436
3831148152;40.3071300000088;15.1512499999888;437
3831148152;40.3067400000094;15.1506499999876;438
3831148152;40.3066100000095;15.1505699999874;439
3831148152;40.3064300000096;15.1505799999873;440
3831148152;40.3060900000098;15.1504599999869;441
3831148152;40.30567000001;15.1504099999865;442
3831148152;40.3055200000101;15.1503299999862;443
3831148152;40.3054500000103;15.1501299999859;444
3831148152;40.3055200000105;15.1498999999856;445
3831148152;40.3058000000107;15.1494999999853;446
3831148152;40.3058500000109;15.149299999985;447
3831148152;40.3058300000114;15.1486999999841;448
3831148152;40.3057600000118;15.1482499999834;449
3831148152;40.3057400000124;15.1475999999824;450
3831148152;40.3059000000131;15.1467799999812;451
3831148152;40.3060800000133;15.1464399999808;452
3831148152;40.3061100000134;15.1463399999806;453
3831148152;40.3061000000135;15.1462599999805;454
3831148152;40.3057700000139;15.1459099999796;455
3831148152;40.3054700000143;15.1455499999787;456
3831148152;40.3052600000148;15.1449499999775;457
3831148152;40.305150000015;15.1447999999771;458
3831148152;40.3049900000152;15.1446299999767;459
3831148152;40.3048500000154;15.1443999999762;460
3831148152;40.3046800000155;15.1442699999758;461
3831148152;40.3045000000155;15.1442999999757;462
3831148152;40.3042200000153;15.1445699999759;463
3831148152;40.3039300000151;15.1447899999761;464
3831148152;40.3034200000152;15.1447699999756;465
3831148152;40.3033200000154;15.1445899999752;466
3831148152;40.3031000000156;15.1443499999746;467
3831148152;40.3028600000157;15.1442099999742;468
3831148152;40.3026900000157;15.1442499999741;469
3831148152;40.3022800000156;15.144389999974;470
3831148152;40.3015900000155;15.1444299999736;471
3831148152;40.3010500000157;15.1441699999727;472
3831148152;40.3002800000159;15.1438899999715;473
3831148152;40.2997100000158;15.1439299999712;474
3831148152;40.2994200000158;15.1438799999709;475
3831148152;40.2991800000159;15.1437099999704;476
3831148152;40.2990100000161;15.1434899999698;477
3831148152;40.2989100000163;15.143119999969;478
3831148152;40.2989000000174;15.1417999999663;479
3831148152;40.2988300000177;15.1413899999654;480
3831148152;40.2984200000183;15.1405299999632;481
3831148152;40.2981800000185;15.1401699999622;482
3831148152;40.2981000000187;15.1399199999616;483
3831148152;40.298140000019;15.1395099999607;484
3831148152;40.2981300000191;15.1393799999604;485
3831148152;40.2980800000192;15.1392799999601;486
3831148152;40.2979900000192;15.13926999996;487
3831148152;40.297750000019;15.1393999999601;488
3831148152;40.297890000019;15.1394399999603;489
3831148152;40.2979500000189;15.1395799999607;490
3831148152;40.2979600000188;15.1397699999611;491
3831148152;40.2979500000185;15.1400699999618;492
3831148152;40.2979800000183;15.1403699999625;493
3831148152;40.298080000018;15.1407299999634;494
3831148152;40.2981400000178;15.1410299999641;495
3831148152;40.2981100000175;15.1414099999649;496
3831148152;40.2977200000163;15.1429299999678;497
3831148152;40.2976500000162;15.1429699999678;498
3831148152;40.2975800000162;15.1429199999677;499
3831148152;40.2974700000164;15.142639999967;500
3831148152;40.2973300000168;15.1421599999659;501
3831148152;40.2973000000169;15.1419299999654;502
3831148152;40.2973500000171;15.1416799999649;503
3831148152;40.2976200000177;15.1410699999638;504
3831148152;40.2976200000178;15.1409199999634;505
3831148152;40.2975500000178;15.1408499999632;506
3831148152;40.2974800000178;15.1408499999632;507
3831148152;40.2974000000177;15.1409599999634;508
3831148152;40.2970000000169;15.141859999965;509
3831148152;40.2968800000167;15.1420399999653;510
3831148152;40.2968200000164;15.1424799999662;511
3831148152;40.2965200000159;15.1430399999672;512
3831148152;40.2962000000157;15.1432899999675;513
3831148152;40.2959600000155;15.1433999999675;514
3831148152;40.2957600000155;15.1433599999673;515
3831148152;40.2956500000154;15.1433999999673;516
3831148152;40.2953200000152;15.1436199999676;517
3831148152;40.2952600000151;15.1437399999678;518
3831148152;40.295240000015;15.1438199999679;519
3831148152;40.2953500000149;15.1441099999686;520
3831148152;40.2954100000149;15.1440999999686;521
3831148152;40.2962400000148;15.14455999997;522
3831148152;40.2963300000147;15.1446799999703;523
3831148152;40.296890000014;15.1459599999731;524
3831148152;40.2972800000136;15.1466099999745;525
3831148152;40.2975200000134;15.1469299999752;526
3831148152;40.2978700000132;15.1471799999758;527
3831148152;40.2983000000131;15.1473799999765;528
3831148152;40.2997200000129;15.1477599999781;529
3831148152;40.3000600000128;15.1479699999786;530
3831148152;40.3001800000128;15.1479899999788;531
3831148152;40.3004300000126;15.1481799999793;532
3831148152;40.3006400000124;15.1484099999798;533
3831148152;40.3011400000117;15.1494099999817;534
3831148152;40.3011600000116;15.1494899999818;535
3831148152;40.3011500000115;15.1495599999819;536
3831148152;40.3012400000115;15.149579999982;537
3831148152;40.3013800000114;15.1497399999823;538
3831148152;40.3015300000112;15.1500299999829;539
3831148152;40.3018000000107;15.150649999984;540
3831148152;40.3021200000101;15.1512999999851;541
3831148152;40.3025200000094;15.1521899999866;542
3831148152;40.3029200000091;15.1524699999872;543
3831148152;40.3032300000089;15.1527599999878;544
3831148152;40.3039000000081;15.1535099999892;545
3831148152;40.3043500000075;15.1541899999903;546
3831148152;40.3044700000071;15.1545699999908;547
3831148152;40.3045300000069;15.1549299999913;548
3831148152;40.3046100000066;15.1552899999917;549
3831148152;40.3047000000064;15.155489999992;550
3831148152;40.3048000000063;15.1555999999922;551
3831148152;40.3049800000062;15.1556699999924;552
3831148152;40.3050400000061;15.1557699999925;553
3831148152;40.3049700000057;15.1563299999931;554
3831148152;40.3050000000056;15.1564699999932;555
3831148152;40.3050800000055;15.1565999999934;556
3831148152;40.3053600000051;15.1569099999939;557
3831148152;40.3056200000049;15.1570699999943;558
3831148152;40.3057100000048;15.1571699999944;559
3831148152;40.3058100000045;15.1574699999948;560
3831148152;40.3058800000044;15.1575699999949;561
3831148152;40.3059900000043;15.157629999995;562
3831148152;40.3064800000041;15.1575999999953;563
3831148152;40.3067000000039;15.1576799999956;564
3831148152;40.3073200000034;15.1579499999962;565
3831148152;40.3075800000031;15.1581899999966;566
3831148152;40.3078500000028;15.158359999997;567
3831148152;40.3079200000027;15.1584799999971;568
3831148152;40.3079500000026;15.1585899999972;569
3831148152;40.3079500000024;15.1588099999974;570
3831148152;40.3079800000023;15.1589399999975;571
3831148152;40.3081000000021;15.1591699999978;572
3831148152;40.308150000002;15.159309999998;573
3831148152;40.3081400000018;15.1594699999981;574
3831148152;40.3080800000017;15.1597799999983;575
3831148152;40.3080800000015;15.1600499999985;576
3831148152;40.3080300000013;15.1602799999986;577
3831148152;40.3079100000012;15.1605299999988;578
3831148152;40.3079000000011;15.1607399999989;579
3831148152;40.3079300000009;15.1609399999991;580
3831148152;40.3080800000006;15.1612199999994;581
3831148152;40.3083400000002;15.1615599999998;582
3831148152;40.30859;15.16167;583
3831148152;40.3092599999996;15.1615300000003;584
3831148152;40.3095499999995;15.1614300000005;585
3831148152;40.3098899999994;15.1612400000006;586
3831148152;40.3100299999993;15.1612100000007;587
3831148152;40.310369999999;15.1613000000009;588
3831148152;40.3106699999988;15.1612500000011;589
3831148152;40.3109399999986;15.1613100000013;590
3831148152;40.3111399999983;15.1614400000016;591
3831148152;40.3112599999981;15.1616000000017;592
3831148152;40.3113699999979;15.1617100000019;593
3831148152;40.3114999999978;15.161720000002;594
3831148152;40.3117299999976;15.1617000000021;595
3831148152;40.3118599999975;15.1617500000023;596
3831148152;40.3119999999972;15.1619000000025;597
3831148152;40.312149999997;15.1620300000026;598
3831148152;40.3122499999969;15.1620800000027;599
3831148152;40.3123899999968;15.1620600000028;600
3831148152;40.3126599999966;15.1619400000029;601
3831148152;40.3128899999964;15.1619700000031;602
3831148152;40.3130399999962;15.1620700000033;603
3831148152;40.313119999996;15.1622000000034;604
3831148152;40.3131999999956;15.1626500000037;605
3831148152;40.3132599999954;15.1628100000039;606
3831148152;40.3136299999948;15.1631700000043;607
3831148152;40.3137599999945;15.1634500000045;608
3831148152;40.3139699999937;15.164180000005;609
3831148152;40.3141199999927;15.1653400000056;610
3831148152;40.3140799999926;15.1655300000056;611
3831148152;40.3138299999927;15.1658300000056;612
3831148152;40.3137699999927;15.1659500000056;613
3831148152;40.3137599999924;15.1664000000058;614
3831148152;40.3137199999922;15.1667500000058;615
3831148152;40.313749999992;15.1669400000059;616
3831148152;40.3138499999918;15.167080000006;617
3831148152;40.3141599999914;15.1672700000063;618
3831148152;40.314359999991;15.1674700000065;619
3831148152;40.3152299999893;15.1686300000073;620
3831148152;40.3155399999885;15.1693000000076;621
3831148152;40.3155899999882;15.1695800000077;622
3831148152;40.3155699999881;15.1698700000078;623
3831148152;40.3155799999879;15.1701400000078;624
3831148152;40.3158299999872;15.170740000008;625
3831148152;40.3158399999871;15.1709300000081;626
3831148152;40.3158299999869;15.1712000000081;627
3831148152;40.3159199999865;15.1715900000082;628
3831148152;40.315979999986;15.1723200000083;629
3831148152;40.3160399999858;15.1725300000083;630
3831148152;40.3162799999854;15.1728100000085;631
3831148152;40.3163599999852;15.1730100000085;632
3831148152;40.316389999985;15.1732300000085;633
3831148152;40.3163499999849;15.1735100000085;634
3831148152;40.3162599999849;15.1736600000085;635
3831148152;40.3161999999849;15.1738400000084;636
3831148152;40.3162399999848;15.1740000000085;637
3831148152;40.3163799999844;15.1742200000085;638
3831148152;40.3164299999843;15.1743500000085;639
3831148152;40.3164199999843;15.1744600000085;640
3831148152;40.3163699999842;15.1746100000085;641
3831148152;40.3163999999841;15.1748300000085;642
3831148152;40.3164799999838;15.1751000000085;643
3831148152;40.3166199999835;15.1753800000086;644
3831148152;40.3166399999834;15.1755500000086;645
3831148152;40.3166199999833;15.1757500000086;646
3831148152;40.3166599999831;15.1759600000086;647
3831148152;40.316649999983;15.1761600000086;648
3831148152;40.316609999983;15.1763600000085;649
3831148152;40.3166599999828;15.1766300000085;650
3831148152;40.3165099999824;15.1778100000083;651
3831148152;40.316429999982;15.1788100000081;652
3831148152;40.3162999999821;15.178980000008;653
3831148152;40.3157699999827;15.1793700000077;654
3831148152;40.3155299999828;15.1796500000076;655
3831148152;40.315429999983;15.1797100000075;656
3831148152;40.3153399999831;15.1797100000075;657
3831148152;40.3152399999832;15.1796500000075;658
3831148152;40.3151599999834;15.1795300000074;659
3831148152;40.3149899999838;15.1791800000074;660
3831148152;40.3149299999838;15.1791100000074;661
3831148152;40.314839999984;15.1790400000074;662
3831148152;40.3144699999845;15.1789000000073;663
3831148152;40.3143699999846;15.1788900000072;664
3831148152;40.3142699999847;15.1789300000072;665
3831148152;40.3141999999848;15.1790000000071;666
3831148152;40.3140799999848;15.1792100000071;667
3831148152;40.3139699999849;15.179310000007;668
3831148152;40.3137299999852;15.1794600000069;669
3831148152;40.3135799999853;15.1795000000068;670
3831148152;40.3134899999854;15.1794900000068;671
3831148152;40.3134099999855;15.1794400000068;672
3831148152;40.313139999986;15.1791900000067;673
3831148152;40.3128199999864;15.1790900000066;674
3831148152;40.3126199999866;15.1790800000065;675
3831148152;40.3125199999867;15.1791000000065;676
3831148152;40.3123799999868;15.1791900000064;677
3831148152;40.3122299999869;15.1793600000063;678
3831148152;40.3121699999869;15.1794600000063;679
3831148152;40.3121499999869;15.1795800000063;680
3831148152;40.3121699999868;15.1797500000062;681
3831148152;40.3123499999865;15.1801300000063;682
3831148152;40.3124399999863;15.1804200000063;683
3831148152;40.312609999986;15.1806700000063;684
3831148152;40.3129999999852;15.1815100000063;685
3831148152;40.3132799999847;15.1819500000063;686
3831148152;40.3133099999846;15.1820700000063;687
3831148152;40.3132999999846;15.1822800000063;688
3831148152;40.3133199999845;15.1824300000062;689
3831148152;40.3133899999843;15.1827400000062;690
3831148152;40.3133899999843;15.1828600000062;691
3831148152;40.3133699999842;15.1830700000061;692
3831148152;40.3132499999842;15.183560000006;693
3831148152;40.3132299999841;15.1838600000059;694
3831148152;40.3131899999841;15.1839600000059;695
3831148152;40.3131099999842;15.1840200000058;696
3831148152;40.3129199999844;15.1840100000058;697
3831148152;40.3127699999846;15.1840700000057;698
3831148152;40.3126899999847;15.1840500000057;699
3831148152;40.3126299999848;15.1839700000057;700
3831148152;40.3125599999849;15.1838100000057;701
3831148152;40.312499999985;15.1837700000057;702
3831148152;40.3118299999859;15.1834500000055;703
3831148152;40.3115599999862;15.1833400000055;704
3831148152;40.3114899999863;15.1833300000055;705
3831148152;40.3113599999864;15.1834000000054;706
3831148152;40.3111799999865;15.1835700000053;707
3831148152;40.3110499999866;15.1837500000053;708
3831148152;40.3109199999867;15.1838700000052;709
3831148152;40.3107699999868;15.1841100000051;710
3831148152;40.3106999999869;15.1841600000051;711
3831148152;40.310609999987;15.184170000005;712
3831148152;40.3104999999871;15.184110000005;713
3831148152;40.3104399999872;15.184030000005;714
3831148152;40.3103699999873;15.183870000005;715
3831148152;40.3103199999874;15.183800000005;716
3831148152;40.3100999999876;15.183630000005;717
3831148152;40.3099699999878;15.183470000005;718
3831148152;40.309819999988;15.183220000005;719
3831148152;40.3096299999884;15.182740000005;720
3831148152;40.3095399999885;15.182610000005;721
3831148152;40.3094299999887;15.182530000005;722
3831148152;40.3092299999889;15.1824300000049;723
3831148152;40.3090799999891;15.1824100000049;724
3831148152;40.3090099999891;15.1824200000048;725
3831148152;40.3086699999893;15.1827300000047;726
3831148152;40.3084099999895;15.1829000000046;727
3831148152;40.3082999999896;15.1830200000046;728
3831148152;40.3080899999897;15.1833500000045;729
3831148152;40.3079899999898;15.1834000000044;730
3831148152;40.3076099999901;15.1834900000043;731
3831148152;40.3074299999902;15.1836700000042;732
3831148152;40.3073699999902;15.1836800000042;733
3831148152;40.3072799999903;15.1836500000042;734
3831148152;40.3071099999905;15.1835200000042;735
3831148152;40.3070599999906;15.1834200000042;736
3831148152;40.3070499999907;15.1830500000042;737
3831148152;40.3071699999907;15.1827600000043;738
3831148152;40.3071899999907;15.1825800000043;739
3831148152;40.3071999999908;15.1822600000043;740
3831148152;40.3071599999909;15.1819300000043;741
3831148152;40.307109999991;15.1817400000043;742
3831148152;40.3069999999912;15.1815500000043;743
3831148152;40.3068699999913;15.1814500000043;744
3831148152;40.3066299999916;15.1813300000042;745
3831148152;40.3065699999917;15.1812500000042;746
3831148152;40.3065299999917;15.1811600000042;747
3831148152;40.3065399999917;15.1810400000042;748
3831148152;40.3066299999917;15.1808400000042;749
3831148152;40.3068199999917;15.1805300000043;750
3831148152;40.3069599999917;15.1802600000044;751
3831148152;40.3069699999917;15.1801700000044;752
3831148152;40.3069599999917;15.1800300000044;753
3831148152;40.3068799999919;15.1798100000044;754
3831148152;40.3066099999923;15.1793700000043;755
3831148152;40.3063899999926;15.1789700000042;756
3831148152;40.3062799999927;15.1788200000042;757
3831148152;40.3061099999929;15.1786400000041;758
3831148152;40.3056299999934;15.1782200000039;759
3831148152;40.3054599999936;15.1781400000039;760
3831148152;40.3052699999938;15.1781000000038;761
3831148152;40.304889999994;15.1781000000037;762
3831148152;40.3048099999941;15.1781500000036;763
3831148152;40.3046799999941;15.1781900000036;764
3831148152;40.3045999999942;15.1781800000036;765
3831148152;40.3045299999943;15.1781400000035;766
3831148152;40.3044099999945;15.1778500000035;767
3831148152;40.3043299999946;15.1777100000034;768
3831148152;40.3043199999946;15.1776400000034;769
3831148152;40.3043399999946;15.1775400000034;770
3831148152;40.3044699999946;15.1773500000035;771
3831148152;40.3045199999946;15.1772100000035;772
3831148152;40.3045299999947;15.1770800000035;773
3831148152;40.3045099999947;15.1769300000034;774
3831148152;40.3044399999948;15.1767900000034;775
3831148152;40.3044099999949;15.1766700000034;776
3831148152;40.3044199999949;15.1765600000034;777
3831148152;40.304499999995;15.1762800000034;778
3831148152;40.304559999995;15.1761900000034;779
3831148152;40.3047299999949;15.1760600000034;780
3831148152;40.3047799999949;15.1759800000034;781
3831148152;40.304889999995;15.1755100000034;782
3831148152;40.3050899999951;15.1751000000034;783
3831148152;40.3051399999952;15.1746800000034;784
3831148152;40.3051899999952;15.1745900000034;785
3831148152;40.3054799999951;15.1742300000034;786
3831148152;40.3054999999952;15.1741300000034;787
3831148152;40.3055099999952;15.1740300000034;788
3831148152;40.3054699999953;15.1739500000034;789
3831148152;40.3053299999954;15.1737800000033;790
3831148152;40.3052299999956;15.1736000000032;791
3831148152;40.304989999996;15.173090000003;792
3831148152;40.3049599999961;15.172970000003;793
3831148152;40.3049399999963;15.1725400000029;794
3831148152;40.3048999999963;15.1724200000028;795
3831148152;40.3047999999964;15.1723500000028;796
3831148152;40.3045099999967;15.1723100000026;797
3831148152;40.3044199999967;15.1723400000026;798
3831148152;40.3041799999967;15.1725400000025;799
3831148152;40.3040199999968;15.1725800000025;800
3831148152;40.303819999997;15.1725700000024;801
3831148152;40.3036099999971;15.1724800000023;802
3831148152;40.3031799999975;15.172130000002;803
3831148152;40.3029999999977;15.1720300000019;804
3831148152;40.3026799999979;15.1719400000018;805
3831148152;40.302469999998;15.1718600000017;806
3831148152;40.3023899999981;15.1718500000016;807
3831148152;40.3023099999981;15.1718600000016;808
3831148152;40.3020999999982;15.1719500000015;809
3831148152;40.3017799999983;15.1720500000014;810
3831148152;40.3016399999984;15.1720800000014;811
3831148152;40.3014999999985;15.1720700000013;812
3831148152;40.3013799999985;15.1720900000013;813
3831148152;40.3012499999986;15.1721400000013;814
3831148152;40.3011099999986;15.1722300000012;815
3831148152;40.3010099999986;15.1722400000012;816
3831148152;40.3008799999987;15.1721900000011;817
3831148152;40.300499999999;15.1718600000009;818
3831148152;40.3003899999991;15.1718000000008;819
3831148152;40.3002999999991;15.1717900000008;820
3831148152;40.3002599999992;15.1716900000007;821
3831148152;40.3000999999992;15.1717700000007;822
3831148152;40.2999899999992;15.1719000000007;823
3831148152;40.2999499999992;15.1720400000007;824
3831148152;40.2999399999992;15.1721800000008;825
3831148152;40.299959999999;15.1724600000009;826
3831148152;40.3001699999987;15.1731300000011;827
3831148152;40.3002999999983;15.1739200000014;828
3831148152;40.3003499999982;15.1740500000015;829
3831148152;40.300609999998;15.1743700000016;830
3831148152;40.3006399999979;15.1744800000017;831
3831148152;40.3006299999979;15.1745700000017;832
3831148152;40.3005199999979;15.1747800000017;833
3831148152;40.3005099999978;15.1749000000017;834
3831148152;40.3005499999978;15.1750100000018;835
3831148152;40.3008799999975;15.175450000002;836
3831148152;40.3009399999974;15.175570000002;837
3831148152;40.3009499999974;15.175630000002;838
3831148152;40.3009399999974;15.175680000002;839
3831148152;40.3008299999974;15.175850000002;840
3831148152;40.3007199999973;15.176100000002;841
3831148152;40.3005899999972;15.1766900000021;842
3831148152;40.3005999999971;15.1768400000021;843
3831148152;40.300699999997;15.1771300000022;844
3831148152;40.3010899999965;15.1777700000024;845
3831148152;40.3013499999963;15.1781500000025;846
3831148152;40.3014599999961;15.1783900000026;847
3831148152;40.3018699999955;15.1795500000028;848
3831148152;40.3020499999953;15.1799600000029;849
3831148152;40.3022099999951;15.1804000000029;850
3831148152;40.302279999995;15.180550000003;851
3831148152;40.3028699999944;15.1813300000031;852
3831148152;40.3029499999943;15.1814700000032;853
3831148152;40.3030399999942;15.1817200000032;854
3831148152;40.3033099999938;15.1821800000032;855
3831148152;40.3034599999937;15.1823600000033;856
3831148152;40.3035699999936;15.1824200000033;857
3831148152;40.3038499999934;15.1825200000034;858
3831148152;40.3039199999933;15.1825900000034;859
3831148152;40.3040399999931;15.1828200000034;860
3831148152;40.3042599999929;15.1831400000034;861
3831148152;40.3042999999929;15.1832300000034;862
3831148152;40.3043099999928;15.1833800000034;863
3831148152;40.3042599999928;15.1835900000034;864
3831148152;40.3042499999927;15.1837300000034;865
3831148152;40.3043499999926;15.1840200000034;866
3831148152;40.3045199999923;15.1846000000034;867
3831148152;40.3046699999921;15.1849500000034;868
3831148152;40.304809999992;15.1851100000034;869
3831148152;40.3048499999919;15.1852100000034;870
3831148152;40.3048599999919;15.1853500000034;871
3831148152;40.3046899999919;15.1858300000033;872
3831148152;40.3046899999919;15.1859100000033;873
3831148152;40.3048299999917;15.1861300000033;874
3831148152;40.3052199999913;15.1865500000033;875
3831148152;40.3053999999911;15.1868400000033;876
3831148152;40.305499999991;15.1870800000033;877
3831148152;40.3056199999908;15.1873000000032;878
3831148152;40.3056799999907;15.1874500000032;879
3831148152;40.3056999999907;15.1876000000032;880
3831148152;40.3056999999906;15.1879200000032;881
3831148152;40.3057699999905;15.1883000000031;882
3831148152;40.3061699999899;15.1895200000029;883
3831148152;40.3062899999898;15.1897300000029;884
3831148152;40.3065399999895;15.1900400000029;885
3831148152;40.3066599999894;15.1901300000029;886
3831148152;40.3068599999892;15.1902000000029;887
3831148152;40.3069199999891;15.1902700000029;888
3831148152;40.3069399999891;15.1903400000029;889
3831148152;40.3069299999891;15.1904100000028;890
3831148152;40.3068699999891;15.1905300000028;891
3831148152;40.3064399999894;15.1910600000026;892
3831148152;40.3064099999894;15.1911300000026;893
3831148152;40.3064199999894;15.1911900000026;894
3831148152;40.3064599999894;15.1912500000026;895
3831148152;40.3065099999893;15.1912800000026;896
3831148152;40.3070499999888;15.1912900000026;897
3831148152;40.3071199999888;15.1913300000026;898
3831148152;40.3071499999887;15.1913900000026;899
3831148152;40.3071599999887;15.1914600000026;900
3831148152;40.3070699999887;15.1919800000025;901
3831148152;40.3070599999887;15.1922300000024;902
3831148152;40.3070899999886;15.1923100000024;903
3831148152;40.3071499999886;15.1923900000024;904
3831148152;40.3072599999885;15.1924600000024;905
3831148152;40.3074899999882;15.1925500000024;906
3831148152;40.3075299999882;15.1926000000024;907
3831148152;40.3075399999882;15.1926800000023;908
3831148152;40.3074699999882;15.1929600000023;909
3831148152;40.3074799999882;15.1930400000022;910
3831148152;40.3075599999881;15.1932700000022;911
3831148152;40.3075599999881;15.1933600000022;912
3831148152;40.3075299999881;15.1934600000021;913
3831148152;40.3074799999881;15.1935300000021;914
3831148152;40.3067699999887;15.1937900000019;915
3831148152;40.3066599999888;15.1939200000019;916
3831148152;40.3063199999891;15.1940300000018;917
3831148152;40.3062599999892;15.1940700000018;918
3831148152;40.3062399999892;15.1941300000018;919
3831148152;40.3062499999892;15.1942400000018;920
3831148152;40.3063299999891;15.1944800000017;921
3831148152;40.306419999989;15.1946500000017;922
3831148152;40.3064999999889;15.1947400000017;923
3831148152;40.3070399999884;15.1951400000016;924
3831148152;40.3071499999882;15.1952800000016;925
3831148152;40.3071499999882;15.1953800000015;926
3831148152;40.3069699999884;15.1960200000013;927
3831148152;40.3069799999884;15.1961200000013;928
3831148152;40.3071299999882;15.1964900000012;929
3831148152;40.3071299999882;15.1965500000012;930
3831148152;40.3070899999882;15.1966500000011;931
3831148152;40.3066799999886;15.1968200000011;932
3831148152;40.3064199999888;15.196840000001;933
3831148152;40.3063299999889;15.196910000001;934
3831148152;40.3057699999893;15.1974900000008;935
3831148152;40.3053799999897;15.1977600000007;936
3831148152;40.3051699999898;15.1979800000007;937
3831148152;40.3050299999899;15.1981900000006;938
3831148152;40.30498999999;15.1983300000006;939
3831148152;40.30499999999;15.1985200000005;940
3831148152;40.3050599999899;15.1987400000005;941
3831148152;40.3051999999898;15.1990400000004;942
3831148152;40.3056399999894;15.1997900000002;943
3831148152;40.3055099999895;15.1998200000002;944
3831148152;40.3054599999895;15.1997700000002;945
3831148152;40.3053299999897;15.1995500000002;946
3831148152;40.3051399999898;15.1993000000003;947
3831148152;40.3050199999899;15.1991100000004;948
3831148152;40.3047699999901;15.1985700000005;949
3831148152;40.3047399999902;15.1984700000005;950
3831148152;40.3047599999902;15.1982600000006;951
3831148152;40.3048999999901;15.1979400000007;952
3831148152;40.3050799999899;15.1976800000007;953
3831148152;40.3050899999899;15.1976100000008;954
3831148152;40.3050599999899;15.1975600000008;955
3831148152;40.30501999999;15.1975600000008;956
3831148152;40.3046599999903;15.1981300000006;957
3831148152;40.3045599999903;15.1984000000005;958
3831148152;40.3045199999904;15.1985800000005;959
3831148152;40.3045099999904;15.1987300000004;960
3831148152;40.3046999999902;15.1995100000002;961
3831148152;40.30484999999;15.1998400000001;962
3831148152;40.3054299999896;15.2014699999997;963
3831148152;40.3055499999895;15.2020199999995;964
3831148152;40.3056299999894;15.2029399999993;965
3831148152;40.3056199999894;15.2030499999992;966
3831148152;40.3054099999897;15.203759999999;967
3831148152;40.3054299999897;15.203919999999;968
3831148152;40.3053399999898;15.203969999999;969
3831148152;40.3041455429026;15.2039941583554;970
3831148152;40.3053399999898;15.203969999999;971
3831148152;40.3054299999897;15.203919999999;972
3831148152;40.3054099999897;15.203759999999;973
3831148152;40.3056199999894;15.2030499999992;974
3831148152;40.3056299999894;15.2029399999993;975
3831148152;40.3056199999894;15.2028499999993;976
3831148152;40.3054799999896;15.2028099999993;977
3831148152;40.3054099999896;15.2027199999993;978
3831148152;40.3052999999897;15.2024499999994;979
3831148152;40.30496999999;15.2019699999996;980
3831148152;40.3047299999902;15.2016699999996;981
3831148152;40.3045099999903;15.2014899999997;982
3831148152;40.3044799999904;15.2013599999997;983
3831148152;40.3044899999904;15.2011599999998;984
3831148152;40.3044699999904;15.2010899999998;985
3831148152;40.3044299999904;15.2010599999998;986
3831148152;40.3041499999906;15.2010299999998;987
3831148152;40.3040399999907;15.2009699999998;988
3831148152;40.3038899999908;15.2007999999999;989
3831148152;40.303669999991;15.20043;990
3831148152;40.3034799999912;15.2001900000001;991
3831148152;40.3033899999912;15.2001500000001;992
3831148152;40.3031599999914;15.2001400000001;993
3831148152;40.3030299999915;15.1999100000001;994
3831148152;40.3029399999916;15.1995700000002;995
3831148152;40.3029371382368;15.1995056080974;996
3831148152;40.3029399999916;15.1995700000002;997
3831148152;40.3030299999915;15.1999100000001;998
3831148152;40.3031599999914;15.2001400000001;999
3831148152;40.3033899999912;15.2001500000001;1000
3831148152;40.3034799999912;15.2001900000001;1001
3831148152;40.303669999991;15.20043;1002
3831148152;40.3038899999908;15.2007999999999;1003
3831148152;40.3040399999907;15.2009699999998;1004
3831148152;40.3041499999906;15.2010299999998;1005
3831148152;40.3044299999904;15.2010599999998;1006
3831148152;40.3044699999904;15.2010899999998;1007
3831148152;40.3044899999904;15.2011599999998;1008
3831148152;40.3044799999904;15.2013599999997;1009
3831148152;40.3045099999903;15.2014899999997;1010
3831148152;40.3047299999902;15.2016699999996;1011
3831148152;40.30496999999;15.2019699999996;1012
3831148152;40.3052999999897;15.2024499999994;1013
3831148152;40.3054099999896;15.2027199999993;1014
3831148152;40.3054799999896;15.2028099999993;1015
3831148152;40.3056199999894;15.2028499999993;1016
3831148152;40.3055499999895;15.2020199999995;1017
3831148152;40.3054299999896;15.2014699999997;1018
3831148152;40.30484999999;15.1998400000001;1019
3831148152;40.3046999999902;15.1995100000002;1020
3831148152;40.3045099999904;15.1987300000004;1021
3831148152;40.3045199999904;15.1985800000005;1022
3831148152;40.3045599999903;15.1984000000005;1023
3831148152;40.3046599999903;15.1981300000006;1024
3831148152;40.30501999999;15.1975600000008;1025
3831148152;40.3050599999899;15.1975600000008;1026
3831148152;40.3050899999899;15.1976100000008;1027
3831148152;40.3050799999899;15.1976800000007;1028
3831148152;40.3048999999901;15.1979400000007;1029
3831148152;40.3047599999902;15.1982600000006;1030
3831148152;40.3047399999902;15.1984700000005;1031
3831148152;40.3047699999901;15.1985700000005;1032
3831148152;40.3050199999899;15.1991100000004;1033
3831148152;40.3051399999898;15.1993000000003;1034
3831148152;40.3053299999897;15.1995500000002;1035
3831148152;40.3054599999895;15.1997700000002;1036
3831148152;40.3055099999895;15.1998200000002;1037
3831148152;40.3056399999894;15.1997900000002;1038
3831148152;40.3059399999891;15.20034;1039
3831148152;40.3064399999887;15.2011699999998;1040
3831148152;40.3065399999886;15.2013599999997;1041
3831148152;40.3065999999885;15.2014999999997;1042
3831148152;40.3065999999885;15.2016499999996;1043
3831148152;40.3066399999885;15.2017999999996;1044
3831148152;40.3069399999883;15.2023999999994;1045
3831148152;40.3070799999881;15.2027299999993;1046
3831148152;40.3071199999881;15.2029399999992;1047
3831148152;40.3071499999881;15.2033099999991;1048
3831148152;40.3071999999881;15.203659999999;1049
3831148152;40.307279999988;15.2039999999989;1050
3831148152;40.307309999988;15.2041899999988;1051
3831148152;40.307319999988;15.2049599999986;1052
3831148152;40.3072899999881;15.2055899999984;1053
3831148152;40.3072799999882;15.2061699999982;1054
3831148152;40.3072499999882;15.2062699999982;1055
3831148152;40.3070399999885;15.2065899999981;1056
3831148152;40.3068199999888;15.2074999999979;1057
3831148152;40.3068199999888;15.2078899999978;1058
3831148152;40.3067899999889;15.2079999999978;1059
3831148152;40.306619999989;15.2082099999977;1060
3831148152;40.3065499999891;15.2083599999977;1061
3831148152;40.3063999999893;15.2089499999976;1062
3831148152;40.3062599999896;15.2097399999974;1063
3831148152;40.3062499999896;15.2100299999973;1064
3831148152;40.3062699999896;15.2102199999973;1065
3831148152;40.3063999999896;15.2106999999972;1066
3831148152;40.3065399999896;15.211299999997;1067
3831148152;40.3065599999896;15.2116099999969;1068
3831148152;40.3065599999898;15.2124499999967;1069
3831148152;40.3065499999899;15.2127899999967;1070
3831148152;40.3065199999899;15.2129299999967;1071
3831148152;40.3061999999904;15.2137199999966;1072
3831148152;40.3061699999905;15.2138899999966;1073
3831148152;40.3061699999905;15.2140599999965;1074
3831148152;40.3062399999906;15.2148299999964;1075
3831148152;40.3062199999907;15.2149699999964;1076
3831148152;40.3061799999907;15.2150999999964;1077
3831148152;40.305979999991;15.2154799999964;1078
3831148152;40.3057299999913;15.2160199999963;1079
3831148152;40.3056499999914;15.2161499999963;1080
3831148152;40.3054599999916;15.2163599999964;1081
3831148152;40.3054299999917;15.2165299999964;1082
3831148152;40.3053099999918;15.2166199999964;1083
3831148152;40.3052499999919;15.2167099999964;1084
3831148152;40.305199999992;15.2168299999964;1085
3831148152;40.3051899999921;15.2172999999964;1086
3831148152;40.3051699999921;15.2174499999963;1087
3831148152;40.3050899999923;15.2176899999963;1088
3831148152;40.3050199999924;15.2178099999963;1089
3831148152;40.3048299999926;15.2179999999964;1090
3831148152;40.3047599999927;15.2181199999964;1091
3831148152;40.3046899999928;15.2183499999964;1092
3831148152;40.3045999999929;15.2185099999964;1093
3831148152;40.3043799999932;15.2188299999965;1094
3831148152;40.3042799999933;15.2189099999965;1095
3831148152;40.3039499999935;15.2190399999966;1096
3831148152;40.3031799999942;15.2196399999968;1097
3831148152;40.3030999999943;15.2197299999968;1098
3831148152;40.3028699999946;15.2202299999969;1099
3831148152;40.3028099999947;15.2202999999969;1100
3831148152;40.3027099999947;15.2203399999969;1101
3831148152;40.3024899999949;15.220359999997;1102
3831148152;40.302359999995;15.220409999997;1103
3831148152;40.3022599999951;15.2205099999971;1104
3831148152;40.3021599999952;15.2207199999971;1105
3831148152;40.3020299999953;15.2209099999971;1106
3831148152;40.3019299999954;15.2209499999972;1107
3831148152;40.3015299999956;15.2205999999973;1108
3831148152;40.3014599999956;15.2205899999973;1109
3831148152;40.3013999999956;15.2206199999973;1110
3831148152;40.3013099999957;15.2207199999973;1111
3831148152;40.3012799999958;15.2208199999973;1112
3831148152;40.3012099999958;15.2208999999974;1113
3831148152;40.3010599999959;15.2209799999974;1114
3831148152;40.3008499999961;15.2210399999975;1115
3831148152;40.3007399999961;15.2209999999975;1116
3831148152;40.3004299999962;15.2207499999976;1117
3831148152;40.3000699999964;15.2206799999977;1118
3831148152;40.2998199999965;15.2205699999977;1119
3831148152;40.2995799999966;15.2204099999978;1120
3831148152;40.2994699999966;15.2203099999978;1121
3831148152;40.2993899999966;15.2202799999978;1122
3831148152;40.2993099999967;15.2202899999978;1123
3831148152;40.2992699999967;15.2203099999979;1124
3831148152;40.2991899999968;15.2204499999979;1125
3831148152;40.299019999997;15.220879999998;1126
3831148152;40.2989699999971;15.221099999998;1127
3831148152;40.2989599999972;15.2216599999981;1128
3831148152;40.2989399999973;15.2217399999981;1129
3831148152;40.2988999999973;15.2217699999981;1130
3831148152;40.2987699999974;15.2217799999981;1131
3831148152;40.2983299999976;15.2218699999983;1132
3831148152;40.2979599999978;15.2219899999984;1133
3831148152;40.2978099999979;15.2220099999984;1134
3831148152;40.2976799999979;15.2219899999984;1135
3831148152;40.297379999998;15.2218499999985;1136
3831148152;40.2971499999981;15.2218699999986;1137
3831148152;40.2968899999983;15.2220399999987;1138
3831148152;40.2966199999984;15.2220799999987;1139
3831148152;40.2963099999985;15.2221799999988;1140
3831148152;40.2960899999986;15.2221899999989;1141
3831148152;40.2959299999986;15.2221199999989;1142
3831148152;40.2956699999987;15.2218999999989;1143
3831148152;40.2954799999987;15.221659999999;1144
3831148152;40.2953199999987;15.2213499999989;1145
3831148152;40.2952299999986;15.2211299999989;1146
3831148152;40.2949999999986;15.2208599999989;1147
3831148152;40.2948799999987;15.220759999999;1148
3831148152;40.2945099999987;15.220329999999;1149
3831148152;40.2943399999987;15.220199999999;1150
3831148152;40.2942799999987;15.220199999999;1151
3831148152;40.2939399999989;15.2203299999991;1152
3831148152;40.293649999999;15.2206299999992;1153
3831148152;40.2934299999991;15.2207599999993;1154
3831148152;40.2932899999992;15.2207599999993;1155
3831148152;40.2929199999992;15.2205799999994;1156
3831148152;40.2927199999993;15.2205099999994;1157
3831148152;40.2927499999993;15.2206399999994;1158
3831148152;40.2928499999993;15.2208499999994;1159
3831148152;40.2929599999993;15.2211699999994;1160
3831148152;40.2929799999994;15.2213099999995;1161
3831148152;40.2929399999995;15.2217499999996;1162
3831148152;40.2929299999996;15.2221199999996;1163
3831148152;40.2929699999997;15.2226199999997;1164
3831148152;40.2929599999997;15.2227399999997;1165
3831148152;40.2928599999998;15.2228099999998;1166
3831148152;40.2926999999998;15.2228799999998;1167
3831148152;40.2926099999998;15.2228299999998;1168
3831148152;40.2924699999998;15.2224699999998;1169
3831148152;40.2922699999997;15.2221499999998;1170
3831148152;40.2920699999997;15.2219099999998;1171
3831148152;40.2919299999998;15.2218199999998;1172
3831148152;40.2917699999998;15.2217699999998;1173
3831148152;40.2912499999999;15.2218599999999;1174
3831148152;40.29077;15.22176;1175
3831148152;40.29069;15.22176;1176
3831148152;40.29061;15.2218;1177
3831148152;40.2904900000001;15.2219200000001;1178
3831148152;40.2904000000001;15.2219700000001;1179
3831148152;40.2902800000001;15.2219800000001;1180
3831148152;40.2897800000002;15.2219000000002;1181
3831148152;40.2896300000003;15.2219400000003;1182
3831148152;40.2892300000004;15.2222900000004;1183
3831148152;40.2891500000004;15.2223300000004;1184
3831148152;40.2890700000004;15.2223300000005;1185
3831148152;40.2888100000004;15.2222400000005;1186
3831148152;40.2882400000005;15.2221100000006;1187
3831148152;40.2879300000005;15.2219600000006;1188
3831148152;40.2878400000005;15.2219400000006;1189
3831148152;40.2875700000005;15.2219700000006;1190
3831148152;40.2873700000006;15.2218900000007;1191
3831148152;40.2872400000006;15.2217800000007;1192
3831148152;40.2868200000005;15.2213600000006;1193
3831148152;40.2865100000005;15.2210100000006;1194
3831148152;40.2863300000005;15.2209800000006;1195
3831148152;40.2862100000005;15.2210100000006;1196
3831148152;40.2861600000006;15.2210700000007;1197
3831148152;40.2858600000007;15.2217000000009;1198
3831148152;40.2857300000008;15.222150000001;1199
3831148152;40.2856700000008;15.222260000001;1200
3831148152;40.2855900000008;15.2223500000011;1201
3831148152;40.2854900000008;15.2223800000011;1202
3831148152;40.2850400000008;15.2223100000011;1203
3831148152;40.2848900000009;15.2223600000012;1204
3831148152;40.2848000000009;15.2224600000012;1205
3831148152;40.2846800000009;15.2226700000013;1206
3831148152;40.284520000001;15.2231400000014;1207
3831148152;40.284460000001;15.2232200000015;1208
3831148152;40.284400000001;15.2232400000015;1209
3831148152;40.284340000001;15.2232300000015;1210
3831148152;40.284300000001;15.2231700000015;1211
3831148152;40.284250000001;15.2229700000014;1212
3831148152;40.284140000001;15.2228500000014;1213
3831148152;40.2840700000009;15.2226200000014;1214
3831148152;40.2839700000009;15.2224300000013;1215
3831148152;40.2838600000009;15.2221100000013;1216
3831148152;40.2836200000007;15.221040000001;1217
3831148152;40.2835700000007;15.220880000001;1218
3831148152;40.2834500000007;15.220720000001;1219
3831148152;40.2833100000007;15.2206000000009;1220
3831148152;40.2832100000007;15.220570000001;1221
3831148152;40.2831400000007;15.220580000001;1222
3831148152;40.2830900000007;15.220620000001;1223
3831148152;40.2830300000007;15.220730000001;1224
3831148152;40.2828400000008;15.2211400000011;1225
3831148152;40.2826500000008;15.2213900000012;1226
3831148152;40.2822000000009;15.2218300000014;1227
3831148152;40.2820900000009;15.2219600000014;1228
3831148152;40.2819700000009;15.2221500000015;1229
3831148152;40.281820000001;15.2229200000018;1230
3831148152;40.281660000001;15.2232600000019;1231
3831148152;40.2816400000011;15.2233700000019;1232
3831148152;40.2816400000011;15.223700000002;1233
3831148152;40.2816800000012;15.2244500000023;1234
3831148152;40.2817000000013;15.2245900000023;1235
3831148152;40.2816700000013;15.2247500000024;1236
3831148152;40.2816000000013;15.2248200000024;1237
3831148152;40.2813100000013;15.2250200000025;1238
3831148152;40.2811300000013;15.2252100000026;1239
3831148152;40.2810400000013;15.2255300000028;1240
3831148152;40.2808400000014;15.226140000003;1241
3831148152;40.2807800000014;15.2262000000031;1242
3831148152;40.2806300000014;15.2262500000031;1243
3831148152;40.2805900000014;15.2262400000031;1244
3831148152;40.2804400000014;15.2260800000031;1245
3831148152;40.2803100000014;15.225880000003;1246
3831148152;40.2802200000013;15.225800000003;1247
3831148152;40.2797800000013;15.2255700000029;1248
3831148152;40.2796700000013;15.2255200000029;1249
3831148152;40.2795700000013;15.2255000000029;1250
3831148152;40.2794700000012;15.2255200000029;1251
3831148152;40.2791900000013;15.2257100000031;1252
3831148152;40.2789700000013;15.2259500000032;1253
3831148152;40.2788200000013;15.2260100000032;1254
3831148152;40.2787000000013;15.2260000000032;1255
3831148152;40.2786400000012;15.2259500000032;1256
3831148152;40.2785600000012;15.2257900000032;1257
3831148152;40.2784100000012;15.225270000003;1258
3831148152;40.2782200000011;15.2250300000029;1259
3831148152;40.2781800000011;15.2249500000029;1260
3831148152;40.2781300000011;15.2247700000028;1261
3831148152;40.2781200000011;15.2246300000027;1262
3831148152;40.277990000001;15.2244000000027;1263
3831148152;40.277880000001;15.2243300000027;1264
3831148152;40.277680000001;15.2243200000027;1265
3831148152;40.277520000001;15.2243400000027;1266
3831148152;40.277310000001;15.2243100000027;1267
3831148152;40.2770500000009;15.2242000000027;1268
3831148152;40.2768400000009;15.2240700000026;1269
3831148152;40.2767100000009;15.2239600000026;1270
3831148152;40.2765400000008;15.2237200000025;1271
3831148152;40.2763000000008;15.2234800000025;1272
3831148152;40.2760200000008;15.2232700000024;1273
3831148152;40.2756800000007;15.2230600000024;1274
3831148152;40.2754500000007;15.2228900000023;1275
3831148152;40.2752300000007;15.2227000000023;1276
3831148152;40.2750400000006;15.2224700000022;1277
3831148152;40.2750100000006;15.2224100000022;1278
3831148152;40.2745200000006;15.2234300000026;1279
3831148152;40.2743100000007;15.224460000003;1280
3831148152;40.2742600000007;15.224570000003;1281
3831148152;40.2739900000007;15.2249700000032;1282
3831148152;40.2737000000007;15.2253000000033;1283
3831148152;40.2732400000006;15.2259200000036;1284
3831148152;40.2732200000006;15.2260500000037;1285
3831148152;40.2732400000006;15.2262400000038;1286
3831148152;40.2733000000007;15.2264300000038;1287
3831148152;40.2734700000007;15.226800000004;1288
3831148152;40.2735300000007;15.2270500000041;1289
3831148152;40.2735800000008;15.2276700000044;1290
3831148152;40.2736600000008;15.2281000000046;1291
3831148152;40.2736900000008;15.2283400000047;1292
3831148152;40.2738000000009;15.228850000005;1293
3831148152;40.2737900000009;15.2294800000054;1294
3831148152;40.273850000001;15.2302200000058;1295
3831148152;40.273750000001;15.2310000000063;1296
3831148152;40.273750000001;15.2312600000064;1297
3831148152;40.273680000001;15.2316800000067;1298
3831148152;40.2736600000011;15.2319600000069;1299
3831148152;40.2736600000011;15.2322100000071;1300
3831148152;40.2736000000011;15.2323600000072;1301
3831148152;40.273260000001;15.2327900000075;1302
3831148152;40.272900000001;15.2332900000079;1303
3831148152;40.272690000001;15.2336200000081;1304
3831148152;40.2725900000009;15.2338800000083;1305
3831148152;40.2725400000009;15.2341400000085;1306
3831148152;40.2724900000009;15.2342200000086;1307
3831148152;40.272480000001;15.2343900000087;1308
3831148152;40.272500000001;15.2348500000091;1309
3831148152;40.272460000001;15.2352200000094;1310
3831148152;40.272300000001;15.2356100000097;1311
3831148152;40.272290000001;15.2356900000098;1312
3831148152;40.272310000001;15.2358300000099;1313
3831148152;40.272390000001;15.23603000001;1314
3831148152;40.272450000001;15.2362500000102;1315
3831148152;40.2725200000011;15.2366900000106;1316
3831148152;40.2725200000011;15.2370400000109;1317
3831148152;40.2725400000011;15.2373300000112;1318
3831148152;40.2726300000012;15.2374900000113;1319
3831148152;40.2727400000012;15.2375700000114;1320
3831148152;40.2732700000014;15.2377700000115;1321
3831148152;40.2738800000016;15.2381000000118;1322
3831148152;40.2742300000017;15.2381300000118;1323
3831148152;40.2744800000018;15.238410000012;1324
3831148152;40.2745200000018;15.2385200000121;1325
3831148152;40.2745300000018;15.2385800000122;1326
3831148152;40.2745200000018;15.2387700000124;1327
3831148152;40.2744900000019;15.2389300000125;1328
3831148152;40.2744500000019;15.2390100000126;1329
3831148152;40.2744000000018;15.2390500000127;1330
3831148152;40.2743200000018;15.2390500000127;1331
3831148152;40.2740000000017;15.2390000000127;1332
3831148152;40.2736000000016;15.2390700000128;1333
3831148152;40.2731600000014;15.2390400000128;1334
3831148152;40.2725000000012;15.2389400000127;1335
3831148152;40.2724100000012;15.2389600000127;1336
3831148152;40.2723600000012;15.2390000000128;1337
3831148152;40.2722700000012;15.2391200000129;1338
3831148152;40.2722500000012;15.240190000014;1339
3831148152;40.2722300000012;15.2403200000142;1340
3831148152;40.2719400000012;15.2412500000152;1341
3831148152;40.2718400000011;15.2415000000155;1342
3831148152;40.2717100000011;15.2417400000158;1343
3831148152;40.2716500000011;15.2417900000158;1344
3831148152;40.2712000000009;15.2418100000159;1345
3831148152;40.2710800000009;15.2418400000159;1346
3831148152;40.2710400000009;15.2418600000159;1347
3831148152;40.2709600000008;15.241950000016;1348
3831148152;40.2708800000008;15.2420800000162;1349
3831148152;40.2708700000008;15.2424400000166;1350
3831148152;40.2709000000008;15.2428800000171;1351
3831148152;40.2708900000009;15.2431300000174;1352
3831148152;40.2708100000008;15.2436300000181;1353
3831148152;40.2706200000008;15.2440600000186;1354
3831148152;40.2705200000007;15.244340000019;1355
3831148152;40.2703300000007;15.2447700000195;1356
3831148152;40.2701200000006;15.2453100000203;1357
3831148152;40.2700400000006;15.2454000000204;1358
3831148152;40.2699500000005;15.2454300000204;1359
3831148152;40.2696700000004;15.2454200000204;1360
3831148152;40.2690500000001;15.2451800000201;1361
3831148152;40.26888;15.24506000002;1362
3831148152;40.2686199999999;15.2449100000198;1363
3831148152;40.2683599999998;15.2448700000197;1364
3831148152;40.2683099999998;15.2448900000197;1365
3831148152;40.2682399999997;15.2449500000198;1366
3831148152;40.2679999999996;15.2456200000207;1367
3831148152;40.2679899999996;15.2456900000208;1368
3831148152;40.2677899999995;15.2463100000217;1369
3831148152;40.2677699999995;15.2467100000222;1370
3831148152;40.2676899999994;15.2470500000227;1371
3831148152;40.2675499999994;15.2475000000234;1372
3831148152;40.2674599999993;15.2480500000242;1373
3831148152;40.2674599999993;15.2487700000253;1374
3831148152;40.2674099999993;15.2491500000259;1375
3831148152;40.2673099999992;15.2495500000266;1376
3831148152;40.2671799999991;15.2502200000277;1377
3831148152;40.2669299999989;15.2505300000282;1378
3831148152;40.2668699999989;15.2511200000292;1379
3831148152;40.2668099999988;15.2512300000294;1380
3831148152;40.2665999999987;15.2513700000296;1381
3831148152;40.2663799999986;15.2515500000299;1382
3831148152;40.2661999999985;15.2517400000302;1383
3831148152;40.2652999999979;15.2520500000307;1384
3831148152;40.2650999999978;15.2521500000309;1385
3831148152;40.2649099999976;15.2522900000311;1386
3831148152;40.2647899999976;15.2523400000312;1387
3831148152;40.263839999997;15.2525100000314;1388
3831148152;40.2635999999969;15.2525000000314;1389
3831148152;40.2633299999967;15.2524200000312;1390
3831148152;40.2631799999966;15.2524000000311;1391
3831148152;40.2627999999964;15.2525700000314;1392
3831148152;40.2625699999962;15.2525200000313;1393
3831148152;40.2622099999961;15.2522700000308;1394
3831148152;40.262059999996;15.2522500000307;1395
3831148152;40.2613499999956;15.2520600000303;1396
3831148152;40.2612199999956;15.2520700000303;1397
3831148152;40.2610899999954;15.2521100000303;1398
3831148152;40.2609799999954;15.2522000000305;1399
3831148152;40.2608999999953;15.2524300000309;1400
3831148152;40.2609499999952;15.2527700000315;1401
3831148152;40.2609399999952;15.2529200000318;1402
3831148152;40.2608799999951;15.2531300000321;1403
3831148152;40.260769999995;15.2533800000326;1404
3831148152;40.260779999995;15.2537600000333;1405
3831148152;40.2607099999948;15.254150000034;1406
3831148152;40.2607299999948;15.2543000000343;1407
3831148152;40.2607899999948;15.2544200000346;1408
3831148152;40.2610099999949;15.254620000035;1409
3831148152;40.261259999995;15.2550500000359;1410
3831148152;40.261369999995;15.2554400000367;1411
3831148152;40.261369999995;15.2556300000371;1412
3831148152;40.2613399999949;15.2558700000376;1413
3831148152;40.2613299999949;15.2561200000381;1414
3831148152;40.2613599999949;15.2562900000384;1415
3831148152;40.2614399999949;15.2565200000389;1416
3831148152;40.2615699999949;15.2568100000396;1417
3831148152;40.2615999999949;15.2569400000399;1418
3831148152;40.2615599999948;15.2572600000405;1419
3831148152;40.2612699999944;15.2582300000426;1420
3831148152;40.2610099999941;15.2589800000443;1421
3831148152;40.2608499999939;15.2592900000449;1422
3831148152;40.2607899999938;15.2594600000453;1423
3831148152;40.2608099999938;15.2596300000457;1424
3831148152;40.2609299999938;15.260140000047;1425
3831148152;40.2609199999937;15.2602500000472;1426
3831148152;40.2606799999934;15.2609800000489;1427
3831148152;40.2604399999931;15.2613100000497;1428
3831148152;40.260359999993;15.2615100000502;1429
3831148152;40.2603699999929;15.2620100000514;1430
3831148152;40.2603499999928;15.2621700000518;1431
3831148152;40.2600899999926;15.262260000052;1432
3831148152;40.2599799999925;15.262260000052;1433
3831148152;40.2599199999925;15.2622200000519;1434
3831148152;40.2597999999925;15.2620300000514;1435
3831148152;40.2593099999923;15.261140000049;1436
3831148152;40.2588899999921;15.2606900000478;1437
3831148152;40.258739999992;15.2605900000475;1438
3831148152;40.2585799999919;15.2605500000474;1439
3831148152;40.2583999999918;15.2605500000473;1440
3831148152;40.2581299999915;15.2605800000473;1441
3831148152;40.2576999999912;15.2607400000476;1442
3831148152;40.2575599999911;15.2608400000478;1443
3831148152;40.2574499999909;15.260950000048;1444
3831148152;40.2571199999906;15.2613300000489;1445
3831148152;40.2570499999905;15.2613500000489;1446
3831148152;40.2569899999905;15.2613500000489;1447
3831148152;40.2569099999904;15.2613200000488;1448
3831148152;40.2566299999903;15.2610600000481;1449
3831148152;40.2564699999902;15.2609900000479;1450
3831148152;40.2563499999901;15.2609800000478;1451
3831148152;40.2562699999901;15.2609900000478;1452
3831148152;40.25620999999;15.2610200000478;1453
3831148152;40.2558999999897;15.2612300000482;1454
3831148152;40.2557999999896;15.2612800000483;1455
3831148152;40.2557199999896;15.2612900000483;1456
3831148152;40.2552999999893;15.261190000048;1457
3831148152;40.2551799999892;15.2612000000479;1458
3831148152;40.2550799999891;15.2612800000481;1459
3831148152;40.2550599999891;15.2613900000484;1460
3831148152;40.255059999989;15.2614900000486;1461
3831148152;40.2551199999889;15.2618700000496;1462
3831148152;40.2551099999887;15.2623300000507;1463
3831148152;40.2549399999883;15.2630800000526;1464
3831148152;40.2548499999881;15.2634000000534;1465
3831148152;40.2548099999881;15.2634800000536;1466
3831148152;40.2544899999877;15.2637100000541;1467
3831148152;40.2543799999876;15.2637300000541;1468
3831148152;40.2542999999876;15.263710000054;1469
3831148152;40.2537599999872;15.2634700000531;1470
3831148152;40.2536699999872;15.2634600000531;1471
3831148152;40.2535799999871;15.2635400000533;1472
3831148152;40.253529999987;15.2636200000535;1473
3831148152;40.253509999987;15.2637100000537;1474
3831148152;40.2534999999868;15.2639700000544;1475
3831148152;40.2534399999867;15.2640800000546;1476
3831148152;40.2527299999859;15.2647500000561;1477
3831148152;40.2526599999858;15.2648600000564;1478
3831148152;40.2526499999858;15.2649300000566;1479
3831148152;40.2526699999857;15.265080000057;1480
3831148152;40.2527299999856;15.2653800000579;1481
3831148152;40.2527299999855;15.2656200000585;1482
3831148152;40.2526999999854;15.265790000059;1483
3831148152;40.2525399999852;15.2660000000595;1484
3831148152;40.2520799999846;15.2664200000605;1485
3831148152;40.2519399999843;15.2666600000611;1486
3831148152;40.2518799999842;15.266970000062;1487
3831148152;40.2518299999841;15.266980000062;1488
3831148152;40.2515999999838;15.2671700000625;1489
3831148152;40.2515099999837;15.2671700000624;1490
3831148152;40.2514499999837;15.2671300000623;1491
3831148152;40.2514099999837;15.267060000062;1492
3831148152;40.2513199999839;15.2666500000608;1493
3831148152;40.2510999999841;15.2659500000587;1494
3831148152;40.2510499999841;15.2658700000585;1495
3831148152;40.2500199999839;15.2647500000548;1496
3831148152;40.2499799999839;15.2647400000548;1497
3831148152;40.2499399999839;15.2647700000549;1498
3831148152;40.2498699999837;15.2649100000552;1499
3831148152;40.2498899999837;15.2650000000555;1500
3831148152;40.2499199999837;15.2650600000556;1501
3831148152;40.2499799999837;15.2651200000558;1502
3831148152;40.2501899999838;15.2652800000564;1503
3831148152;40.2502399999837;15.2653600000566;1504
3831148152;40.2502799999837;15.265500000057;1505
3831148152;40.2503399999836;15.2657600000578;1506
3831148152;40.2503499999834;15.2660500000586;1507
3831148152;40.2503399999833;15.2663800000595;1508
3831148152;40.2503699999831;15.2666200000602;1509
3831148152;40.2504799999832;15.2667600000607;1510
3831148152;40.2500599999825;15.2673600000622;1511
3831148152;40.2497799999821;15.2677200000631;1512
3831148152;40.2495199999817;15.2679900000638;1513
3831148152;40.2493299999816;15.2679100000635;1514
3831148152;40.2488799999813;15.267830000063;1515
3831148152;40.2486999999812;15.2677700000627;1516
3831148152;40.2486099999812;15.2676400000623;1517
3831148152;40.2484699999812;15.2675400000619;1518
3831148152;40.2483899999811;15.2675100000617;1519
3831148152;40.248299999981;15.2675600000618;1520
3831148152;40.2481399999808;15.2677900000624;1521
3831148152;40.2478499999803;15.2681500000633;1522
3831148152;40.2475099999798;15.2685400000643;1523
3831148152;40.2472599999794;15.2689500000654;1524
3831148152;40.2471699999792;15.2690200000655;1525
3831148152;40.2470599999791;15.2690500000656;1526
3831148152;40.246889999979;15.2690300000654;1527
3831148152;40.2462999999788;15.2687300000641;1528
3831148152;40.2461999999787;15.268710000064;1529
3831148152;40.2461199999787;15.2687200000639;1530
3831148152;40.2460699999786;15.2687700000641;1531
3831148152;40.2456999999776;15.2697600000669;1532
3831148152;40.2455099999771;15.2703300000685;1533
3831148152;40.2453199999767;15.2706500000694;1534
3831148152;40.2449599999763;15.2708500000698;1535
3831148152;40.2448599999761;15.27095000007;1536
3831148152;40.2447999999759;15.2711300000706;1537
3831148152;40.2446699999754;15.2716400000721;1538
3831148152;40.2445899999753;15.2717700000725;1539
3831148152;40.244379999975;15.2718900000728;1540
3831148152;40.2440299999745;15.2721700000734;1541
3831148152;40.2436499999739;15.2725200000743;1542
3831148152;40.2435899999738;15.2726000000745;1543
3831148152;40.2435099999737;15.272770000075;1544
3831148152;40.2433499999729;15.2735000000774;1545
3831148152;40.2433499999725;15.2740400000793;1546
3831148152;40.2433899999721;15.274520000081;1547
3831148152;40.2434699999719;15.2748100000821;1548
3831148152;40.2436999999716;15.2753700000843;1549
3831148152;40.2437299999715;15.2755100000848;1550
3831148152;40.2437299999715;15.2756000000852;1551
3831148152;40.2436799999713;15.2757400000856;1552
3831148152;40.2435599999711;15.2758000000858;1553
3831148152;40.2430699999706;15.2759300000858;1554
3831148152;40.2428999999703;15.2760700000862;1555
3831148152;40.2428399999701;15.2762400000868;1556
3831148152;40.24279999997;15.2764100000874;1557
3831148152;40.2423099999693;15.2766300000878;1558
3831148152;40.2421899999691;15.2767400000881;1559
3831148152;40.2421199999689;15.2769400000888;1560
3831148152;40.2421099999687;15.2771700000897;1561
3831148152;40.2420699999684;15.2773900000905;1562
3831148152;40.2419899999682;15.2775100000909;1563
3831148152;40.2414299999674;15.2778800000918;1564
3831148152;40.2411699999667;15.2783400000934;1565
3831148152;40.2411199999665;15.2785500000941;1566
3831148152;40.2411299999664;15.2786700000946;1567
3831148152;40.2412099999663;15.2788100000953;1568
3831148152;40.2414799999665;15.2789100000959;1569
3831148152;40.2416899999666;15.2789300000962;1570
3831148152;40.2419999999669;15.2788900000963;1571
3831148152;40.2420399999669;15.2789300000965;1572
3831148152;40.2420599999669;15.2790000000968;1573
3831148152;40.2420499999668;15.279070000097;1574
3831148152;40.2418999999667;15.2791100000971;1575
3831148152;40.2414499999662;15.2791800000969;1576
3831148152;40.2410599999658;15.2791500000965;1577
3831148152;40.2407799999657;15.2790500000958;1578
3831148152;40.2406999999657;15.2789600000954;1579
3831148152;40.2406699999658;15.2788400000949;1580
3831148152;40.2406799999661;15.2785700000938;1581
3831148152;40.2406499999661;15.2784800000934;1582
3831148152;40.2406199999661;15.2784500000933;1583
3831148152;40.2405799999661;15.2784500000933;1584
3831148152;40.2405299999659;15.2785800000937;1585
3831148152;40.2405099999656;15.2788900000949;1586
3831148152;40.2405399999654;15.2791100000958;1587
3831148152;40.2405999999654;15.2792200000963;1588
3831148152;40.2406899999654;15.2793000000967;1589
3831148152;40.2410099999655;15.2794400000976;1590
3831148152;40.2411099999655;15.279520000098;1591
3831148152;40.2411499999655;15.2796100000984;1592
3831148152;40.2411599999653;15.2798200000993;1593
3831148152;40.2409799999648;15.2801800001006;1594
3831148152;40.2409399999645;15.2803700001013;1595
3831148152;40.2409699999642;15.2806900001027;1596
3831148152;40.240929999964;15.2809100001035;1597
3831148152;40.2405799999633;15.2812700001047;1598
3831148152;40.2402299999626;15.2816000001058;1599
3831148152;40.2396399999616;15.282010000107;1600
3831148152;40.2394899999614;15.282050000107;1601
3831148152;40.2393799999613;15.2820500001069;1602
3831148152;40.2389999999611;15.281940000106;1603
3831148152;40.2387599999607;15.2820300001061;1604
3831148152;40.2385299999605;15.2820900001061;1605
3831148152;40.2383999999604;15.282080000106;1606
3831148152;40.2379199999601;15.2819100001047;1607
3831148152;40.2375599999601;15.2816600001033;1608
3831148152;40.23734999996;15.2815500001026;1609
3831148152;40.2371499999599;15.2814900001021;1610
3831148152;40.23699999996;15.2813700001015;1611
3831148152;40.2368099999599;15.2812800001009;1612
3831148152;40.2367199999599;15.2811800001004;1613
3831148152;40.2365199999602;15.2808100000986;1614
3831148152;40.2363099999609;15.2800800000954;1615
3831148152;40.236259999961;15.280000000095;1616
3831148152;40.2352799999611;15.2793200000912;1617
3831148152;40.2346799999609;15.2791100000897;1618
3831148152;40.2343099999609;15.2789300000886;1619
3831148152;40.2338399999608;15.2787500000873;1620
3831148152;40.2336299999607;15.2787500000871;1621
3831148152;40.2332399999602;15.2789700000875;1622
3831148152;40.2329799999599;15.2790700000876;1623
3831148152;40.2328499999598;15.2791500000877;1624
3831148152;40.2325299999601;15.2787400000858;1625
3831148152;40.2324799999602;15.2786100000852;1626
3831148152;40.2324699999604;15.2785100000848;1627
3831148152;40.2325799999611;15.2779600000829;1628
3831148152;40.2326799999619;15.2773600000807;1629
3831148152;40.2326699999621;15.2772100000802;1630
3831148152;40.2325799999626;15.2768000000786;1631
3831148152;40.2325399999629;15.2764800000774;1632
3831148152;40.2325899999635;15.2760700000759;1633
3831148152;40.232789999964;15.2756900000748;1634
3831148152;40.2330199999648;15.2751300000731;1635
3831148152;40.2331999999656;15.2745400000713;1636
3831148152;40.233299999966;15.2742600000705;1637
3831148152;40.2340099999678;15.2729500000669;1638
3831148152;40.2341299999683;15.2725000000655;1639
3831148152;40.2341399999685;15.2723800000651;1640
3831148152;40.234099999969;15.2719200000636;1641
3831148152;40.2338799999695;15.2713600000616;1642
3831148152;40.23375999997;15.2709000000601;1643
3831148152;40.2336999999701;15.2707900000597;1644
3831148152;40.2336299999701;15.2707800000596;1645
3831148152;40.2330499999731;15.2679000000506;1646
3831148152;40.232839999974;15.2670000000479;1647
3831148152;40.2327499999743;15.266720000047;1648
3831148152;40.2325899999745;15.2665000000463;1649
3831148152;40.2324899999746;15.2663900000459;1650
3831148152;40.2323299999747;15.2662700000454;1651
3831148152;40.2305099999757;15.2652600000409;1652
3831148152;40.2305599999759;15.2650800000405;1653
3831148152;40.2308599999765;15.2646100000397;1654
3831148152;40.2311099999767;15.2643900000394;1655
3831148152;40.2308482152796;15.2641786614359;1656