shape_id;shape_pt_lat;shape_pt_lon;shape_pt_sequence
389281591;40.7204298970073;14.5128149070271;1
389281591;40.7204399999098;14.5133100001475;2
389281591;40.7203199999069;14.5143400001533;3
389281591;40.7201799999045;14.5152100001583;4
389281591;40.7200199999025;14.5159200001623;5
389281591;40.7199799999008;14.5165500001661;6
389281591;40.7199699998984;14.5173800001714;7
389281591;40.7199799998975;14.5177200001736;8
389281591;40.7198099998974;14.5177200001732;9
389281591;40.7195799998975;14.5176800001724;10
389281591;40.7183099998989;14.5171400001656;11
389281591;40.7177499998993;14.5170000001633;12
389281591;40.7172199998995;14.5169600001617;13
389281591;40.7160399998996;14.5169400001584;14
389281591;40.7154499998996;14.5169800001571;15
389281591;40.7142199998995;14.5171200001546;16
389281591;40.7119199998992;14.5174900001505;17
389281591;40.7110899998992;14.5176000001488;18
389281591;40.7106199998992;14.517700000148;19
389281591;40.7106399998985;14.5178900001493;20
389281591;40.7106299998974;14.5182400001515;21
389281591;40.7104399998921;14.5198400001612;22
389281591;40.7103799998869;14.5214000001714;23
389281591;40.7104399998837;14.5223200001778;24
389281591;40.7106899998784;14.5238200001891;25
389281591;40.710769999876;14.5245200001944;26
389281591;40.7107799998753;14.5247100001958;27
389281591;40.7108499998748;14.5248600001971;28
389281591;40.7109499998737;14.5251500001995;29
389281591;40.7113599998706;14.5260300002073;30
389281591;40.7130799998594;14.5292600002377;31
389281591;40.7132699998578;14.5297100002419;32
389281591;40.7133599998565;14.5300800002452;33
389281591;40.7134699998555;14.5303700002479;34
389281591;40.7137599998534;14.5310100002541;35
389281591;40.7149699998467;14.5330600002753;36
389281591;40.7153099998451;14.5335700002808;37
389281591;40.7157599998425;14.5343700002892;38
389281591;40.7166799998372;14.5360800003076;39
389281591;40.7172699998344;14.5370400003183;40
389281591;40.718229999831;14.5382900003331;41
389281591;40.7189599998288;14.5391500003437;42
389281591;40.7192199998283;14.5393900003469;43
389281591;40.7194699998275;14.5397100003508;44
389281591;40.7202599998244;14.5409100003652;45
389281591;40.7207999998228;14.5416000003739;46
389281591;40.7220999998185;14.5434400003969;47
389281591;40.7224099998173;14.5439400004032;48
389281591;40.7231899998159;14.5447600004144;49
389281591;40.7240699998137;14.5459000004295;50
389281591;40.7252799998106;14.5475500004515;51
389281591;40.7257399998092;14.5482900004614;52
389281591;40.726319999807;14.5493300004751;53
389281591;40.7266899998059;14.5499200004832;54
389281591;40.7278999998034;14.5516000005069;55
389281591;40.7289799998007;14.5532800005307;56
389281591;40.7294799997997;14.5540200005414;57
389281591;40.7304499997949;14.5563800005746;58
389281591;40.7305399997939;14.5567500005797;59
389281591;40.7309399997881;14.5589100006098;60
389281591;40.731419999786;14.5600500006268;61
389281591;40.7316699997845;14.5607500006372;62
389281591;40.7319599997822;14.5617700006524;63
389281591;40.7321099997808;14.5623600006613;64
389281591;40.7327799997824;14.5625800006663;65
389281591;40.7329899997826;14.5627800006698;66
389281591;40.7330799997824;14.5629300006722;67
389281591;40.7331099997818;14.5631600006756;68
389281591;40.7330999997811;14.5633500006784;69
389281591;40.7330299997802;14.5635400006809;70
389281591;40.732899999779;14.5637900006842;71
389281591;40.7328299997779;14.5640200006873;72
389281591;40.7328199997771;14.564270000691;73
389281591;40.7328799997767;14.5644700006941;74
389281591;40.7330899997767;14.5646900006979;75
389281591;40.733189999777;14.564740000699;76
389281591;40.7333799997776;14.5647700007;77
389281591;40.7335399997783;14.5647300006998;78
389281591;40.7336899997794;14.5645500006976;79
389281591;40.7337899997805;14.5643300006946;80
389281591;40.733809999781;14.5641900006926;81
389281591;40.7337799997833;14.5634600006819;82
389281591;40.7337799997851;14.5628900006736;83
389281591;40.7338799997886;14.5618700006593;84
389281591;40.7342499997966;14.5597200006301;85
389281591;40.7351399998169;14.5539100005554;86
389281591;40.7353799998211;14.5527000005408;87
389281591;40.736189999833;14.5493100005014;88
389281591;40.7365899998385;14.5477100004836;89
389281591;40.7376099998525;14.5434100004376;90
389281591;40.7378699998558;14.5423800004271;91
389281591;40.7394699998755;14.5357200003629;92
389281591;40.7397199998783;14.534740000354;93
389281591;40.7410899998937;14.5289800003048;94
389281591;40.7415299998982;14.5272000002905;95
389281591;40.7416599998994;14.5267100002867;96
389281591;40.7420399999024;14.525560000278;97
389281591;40.7428399999073;14.5237800002652;98
389281591;40.7435599999117;14.5221200002537;99
389281591;40.7451799999209;14.5184700002294;100
389281591;40.7454099999223;14.5179000002258;101
389281591;40.7455499999233;14.5174600002229;102
389281591;40.7456599999242;14.5170300002201;103
389281591;40.7457599999252;14.5164600002163;104
389281591;40.7457899999264;14.5157700002117;105
389281591;40.7457199999275;14.5150300002067;106
389281591;40.7456399999282;14.5145100002031;107
389281591;40.7454599999293;14.5136800001975;108
389281591;40.7452899999301;14.5129800001928;109
389281591;40.7448699999317;14.5116500001839;110
389281591;40.7444799999327;14.5106500001773;111
389281591;40.7441499999338;14.5097200001713;112
389281591;40.7437799999352;14.5085300001638;113
389281591;40.7434399999371;14.5071200001554;114
389281591;40.7432699999386;14.505990000149;115
389281591;40.7431499999401;14.5049800001434;116
389281591;40.7430699999417;14.5039100001377;117
389281591;40.743029999943;14.5030300001332;118
389281591;40.7429399999497;14.4984800001113;119
389281591;40.7427699999592;14.4915700000825;120
389281591;40.7427099999613;14.4899200000764;121
389281591;40.7426099999638;14.4880200000696;122
389281591;40.7425799999658;14.4864400000643;123
389281591;40.7425899999664;14.4859600000628;124
389281591;40.7426399999672;14.4853100000608;125
389281591;40.7427299999679;14.4847400000591;126
389281591;40.7429199999689;14.4839900000571;127
389281591;40.7430799999694;14.4835600000559;128
389281591;40.7433699999702;14.4829400000544;129
389281591;40.7436599999708;14.4824700000533;130
389281591;40.7439599999713;14.4820900000526;131
389281591;40.7442599999718;14.481770000052;132
389281591;40.7444999999721;14.4815600000516;133
389281591;40.7447199999723;14.4814000000514;134
389281591;40.7450999999726;14.4811700000511;135
389281591;40.746899999974;14.4802900000503;136
389281591;40.7476599999746;14.4799400000501;137
389281591;40.7478899999749;14.4797800000498;138
389281591;40.7482999999754;14.4793900000491;139
389281591;40.7484999999756;14.4791600000487;140
389281591;40.7487799999762;14.4786900000477;141
389281591;40.7491399999769;14.4780700000464;142
389281591;40.7494199999775;14.4775000000452;143
389281591;40.7507699999804;14.4746300000393;144
389281591;40.7513999999816;14.4733300000368;145
389281591;40.7517999999824;14.4724600000352;146
389281591;40.7537799999858;14.4683600000283;147
389281591;40.7547999999875;14.4660200000247;148
389281591;40.7559699999891;14.4636400000215;149
389281591;40.7563999999897;14.4628200000205;150
389281591;40.7580499999916;14.4595300000166;151
389281591;40.758369999992;14.4588600000159;152
389281591;40.7587599999923;14.4581500000152;153
389281591;40.7592199999928;14.4572200000142;154
389281591;40.7595199999932;14.4564800000135;155
389281591;40.7598199999935;14.4556600000127;156
389281591;40.7601999999939;14.454870000012;157
389281591;40.7605099999942;14.4541600000114;158
389281591;40.7610499999946;14.4531200000105;159
389281591;40.761359999995;14.4522300000098;160
389281591;40.7617799999956;14.4505500000084;161
389281591;40.7618299999958;14.4499300000079;162
389281591;40.7619999999973;14.4445300000043;163
389281591;40.7620799999975;14.4438100000039;164
389281591;40.7621999999976;14.4432400000037;165
389281591;40.7623299999978;14.4427400000034;166
389281591;40.7635699999986;14.4390400000021;167
389281591;40.7637499999987;14.4384600000019;168
389281591;40.7642099999989;14.4368500000015;169
389281591;40.7657799999995;14.4322800000006;170
389281591;40.7661599999997;14.4311000000004;171
389281591;40.7664099999997;14.4304200000003;172
389281591;40.76756;14.42695;173
389281591;40.7685300000001;14.4240799999999;174
389281591;40.7692700000002;14.4217399999999;175
389281591;40.7699400000002;14.4196899999999;176
389281591;40.7711400000002;14.41631;177
389281591;40.7713400000002;14.4158;178
389281591;40.7729000000001;14.41205;179
389281591;40.7730500000001;14.41165;180
389281591;40.7732900000001;14.41108;181
389281591;40.7735200000001;14.41045;182
389281591;40.7739;14.40939;183
389281591;40.77482;14.40668;184
389281591;40.7759799999999;14.4033599999998;185
389281591;40.7780799999998;14.397139999999;186
389281591;40.7788299999998;14.3949899999986;187
389281591;40.7792099999998;14.3938399999983;188
389281591;40.7793999999998;14.3933099999981;189
389281591;40.7798399999999;14.3925099999979;190
389281591;40.7802499999999;14.3919099999977;191
389281591;40.7806399999999;14.3914399999975;192
389281591;40.7816100000001;14.3905199999972;193
389281591;40.7820100000001;14.3901099999971;194
389281591;40.7829100000002;14.3893299999968;195
389281591;40.7843700000005;14.3879699999963;196
389281591;40.7847400000005;14.3875599999961;197
389281591;40.7851100000006;14.3870799999959;198
389281591;40.7856500000007;14.3862899999955;199
389281591;40.7862500000009;14.385299999995;200
389281591;40.7870800000012;14.3838299999943;201
389281591;40.7882000000015;14.3819899999932;202
389281591;40.789280000002;14.380169999992;203
389281591;40.7899100000022;14.3792099999914;204
389281591;40.7906800000025;14.3782599999907;205
389281591;40.7908100000026;14.3780699999906;206
389281591;40.7910200000027;14.3778599999904;207
389281591;40.7924200000032;14.3767199999897;208
389281591;40.7930700000034;14.3762799999894;209
389281591;40.7937000000037;14.375759999989;210
389281591;40.7948700000041;14.3748399999884;211
389281591;40.796900000005;14.3731299999871;212
389281591;40.7979500000055;14.3723099999865;213
389281591;40.7985200000058;14.3718099999861;214
389281591;40.8008500000069;14.3698999999847;215
389281591;40.804690000009;14.3667899999822;216
389281591;40.8069900000103;14.3648999999806;217
389281591;40.8079000000109;14.36417999998;218
389281591;40.8091200000116;14.3631299999791;219
389281591;40.809670000012;14.3626099999786;220
389281591;40.8100500000123;14.3622199999782;221
389281591;40.8105000000128;14.3616599999775;222
389281591;40.8121400000142;14.3597499999753;223
389281591;40.8132500000154;14.3583599999736;224
389281591;40.813850000016;14.3576599999727;225
389281591;40.8142300000164;14.3572499999722;226
389281591;40.814960000017;14.3565299999714;227
389281591;40.8154000000174;14.3560699999708;228
389281591;40.8159000000179;14.3555999999702;229
389281591;40.8161600000181;14.35537999997;230
389281591;40.8164300000183;14.3551699999698;231
389281591;40.8168400000185;14.3548999999696;232
389281591;40.8172300000189;14.3545299999692;233
389281591;40.8182600000196;14.3537899999685;234
389281591;40.8196400000206;14.3528099999676;235
389281591;40.8206100000212;14.3521499999671;236
389281591;40.8213100000216;14.3517099999668;237
389281591;40.8220900000222;14.3511299999663;238
389281591;40.8225700000225;14.350819999966;239
389281591;40.8243000000238;14.3494799999647;240
389281591;40.8261400000252;14.3480899999634;241
389281591;40.8267800000256;14.3476699999632;242
389281591;40.8277600000262;14.3469699999626;243
389281591;40.8283300000266;14.3465899999623;244
389281591;40.8307300000283;14.3448699999609;245
389281591;40.831630000029;14.3441799999603;246
389281591;40.8323800000296;14.3435299999596;247
389281591;40.8332300000305;14.3427199999585;248
389281591;40.8341100000317;14.3417499999571;249
389281591;40.8345800000325;14.3411799999561;250
389281591;40.8350100000332;14.3406099999551;251
389281591;40.8354600000341;14.3399699999539;252
389281591;40.835860000035;14.3393799999527;253
389281591;40.8362600000359;14.3387299999513;254
389281591;40.8369100000377;14.3375799999487;255
389281591;40.8374600000394;14.3365299999462;256
389281591;40.8375600000397;14.3363699999458;257
389281591;40.8399500000477;14.3318299999339;258
389281591;40.8409300000511;14.3300199999288;259
389281591;40.8412300000519;14.3295599999275;260
389281591;40.8416900000531;14.328949999926;261
389281591;40.8420800000543;14.3283299999243;262
389281591;40.8423000000552;14.3278699999228;263
389281591;40.8426700000576;14.3267699999189;264
389281591;40.8429200000587;14.3262599999172;265
389281591;40.845120000068;14.3220499999029;266
389281591;40.8457600000708;14.3208599998986;267
389281591;40.8459700000719;14.3204099998968;268
389281591;40.8461000000727;14.3200899998955;269
389281591;40.8462300000731;14.319919999895;270
389281591;40.8464700000745;14.3193799998928;271
389281591;40.8467900000759;14.3188099998907;272
389281591;40.8469000000765;14.3185499998896;273
389281591;40.8475600000796;14.3173199998848;274
389281591;40.8477200000803;14.3170599998838;275
389281591;40.8479900000818;14.3164899998814;276
389281591;40.8481500000829;14.3160899998797;277
389281591;40.8483400000847;14.3154199998765;278
389281591;40.8484700000866;14.3147699998732;279
389281591;40.8485200000883;14.3141799998699;280
389281591;40.8485100000906;14.3134299998656;281
389281591;40.8484300000932;14.3125799998604;282
389281591;40.8480700000985;14.3108999998492;283
389281591;40.8477200001039;14.3091699998374;284
389281591;40.8464900001238;14.3029199997909;285
389281591;40.8463100001259;14.3022399997853;286
389281591;40.8458300001302;14.3008799997736;287
389281591;40.8454300001333;14.2998799997647;288
389281591;40.8443100001411;14.2973299997409;289
389281591;40.8442200001414;14.2971999997396;290
389281591;40.8440500001426;14.2968199997359;291
389281591;40.8434900001464;14.2955199997233;292
389281591;40.8430100001506;14.2941299997098;293
389281591;40.842970000152;14.2936999997059;294
389281591;40.8429700001526;14.2935299997044;295
389281591;40.8430100001536;14.2932299997018;296
389281591;40.8431300001553;14.2927499996979;297
389281591;40.8436500001616;14.2910399996838;298
389281591;40.8438500001638;14.2904699996791;299
389281591;40.8453000001722;14.2885199996651;300
389281591;40.8463700001781;14.2872099996557;301
389281591;40.8477100001851;14.285689999645;302
389281591;40.8482600001879;14.285109999641;303
389281591;40.8500300001961;14.2834599996302;304
389281591;40.8514800002023;14.2822799996231;305
389281591;40.8517400002041;14.2818899996199;306
389281591;40.8519200002065;14.2813499996148;307
389281591;40.8519100002082;14.2809499996105;308
389281591;40.8518500002098;14.280559999606;309
389281591;40.8518000002107;14.2803399996035;310
389281591;40.8516700002115;14.2801099996004;311
389281591;40.8514900002131;14.2796899995952;312
389281591;40.8510800002163;14.278819999584;313
389281591;40.8509100002178;14.2784099995787;314
389281591;40.8506600002193;14.2779799995729;315
389281591;40.8505000002207;14.2776199995682;316
389281591;40.8503700002214;14.2773999995652;317
389281591;40.8505500002342;14.2744499995313;318
389281591;40.8505400002367;14.2738799995244;319
389281591;40.8503900002398;14.2730999995143;320
389281591;40.850970000244;14.2723499995073;321
389281591;40.8512100002454;14.2721299995055;322
389281591;40.8515500002469;14.271899999504;323
389281591;40.8518500002477;14.2718199995042;324
389281591;40.8519500002482;14.2717499995037;325
389281591;40.8522300002514;14.2711399994972;326
389281591;40.8522700002523;14.2709499994949;327
389281591;40.8523500002531;14.2707999994934;328
389281591;40.8524500002538;14.2706799994922;329
389281591;40.8528400002547;14.2706199994931;330
389281591;40.8527200002577;14.2699199994837;331
389281591;40.8526300002593;14.2695399994784;332
389281591;40.8525800002607;14.2692199994741;333
389281591;40.8525600002623;14.2688599994693;334
389281591;40.8525600002638;14.2685499994653;335
389281591;40.852590000265;14.2682999994621;336
389281591;40.8525700002662;14.2680199994584;337
389281591;40.8524096098933;14.2679484593449;338