shape_id;shape_pt_lat;shape_pt_lon;shape_pt_sequence
1993542687;40.230848215293;15.2641786614729;1
1993542687;40.2308099999903;15.2641500000755;2
1993542687;40.2305799999901;15.2640800000752;3
1993542687;40.2304199999899;15.2640800000752;4
1993542687;40.2303099999898;15.2641100000753;5
1993542687;40.2302099999897;15.2640700000751;6
1993542687;40.2300199999894;15.2643100000758;7
1993542687;40.229699999989;15.2646500000769;8
1993542687;40.228229999988;15.2630400000712;9
1993542687;40.228169999988;15.2629400000708;10
1993542687;40.2273099999875;15.2619800000676;11
1993542687;40.2270399999874;15.2616500000665;12
1993542687;40.2270399999875;15.2615200000661;13
1993542687;40.2269399999875;15.2612500000652;14
1993542687;40.2268899999875;15.2609800000644;15
1993542687;40.2268999999877;15.2605800000632;16
1993542687;40.2269299999878;15.2603600000626;17
1993542687;40.227039999988;15.2600400000617;18
1993542687;40.2271599999882;15.2598400000612;19
1993542687;40.2273299999884;15.2596400000607;20
1993542687;40.2273899999885;15.2595000000603;21
1993542687;40.2281899999893;15.2592100000598;22
1993542687;40.2290899999902;15.2589700000594;23
1993542687;40.2290999999902;15.2587800000588;24
1993542687;40.2290499999903;15.2586000000583;25
1993542687;40.2287899999901;15.2583300000575;26
1993542687;40.2280199999897;15.2576800000555;27
1993542687;40.2280399999898;15.2573900000547;28
1993542687;40.22813999999;15.2570400000538;29
1993542687;40.2282099999901;15.2569100000535;30
1993542687;40.2283299999902;15.2568200000533;31
1993542687;40.2285499999904;15.2567300000532;32
1993542687;40.2299999999916;15.2567300000536;33
1993542687;40.2307599999923;15.2566400000535;34
1993542687;40.2313499999928;15.2564700000532;35
1993542687;40.2318299999932;15.2562100000526;36
1993542687;40.2323099999937;15.2558800000519;37
1993542687;40.232629999994;15.2555700000512;38
1993542687;40.2330299999945;15.25506000005;39
1993542687;40.2333399999948;15.2544500000485;40
1993542687;40.233499999995;15.2539600000474;41
1993542687;40.2336399999952;15.253390000046;42
1993542687;40.2337099999954;15.2528200000447;43
1993542687;40.2336199999955;15.2515500000418;44
1993542687;40.2335599999955;15.2512800000412;45
1993542687;40.2335099999955;15.2509400000405;46
1993542687;40.2332399999955;15.2500400000385;47
1993542687;40.2328399999954;15.2489000000362;48
1993542687;40.2314299999953;15.2450700000288;49
1993542687;40.2311799999953;15.2442300000273;50
1993542687;40.2309099999953;15.2434200000259;51
1993542687;40.2304999999955;15.2417900000233;52
1993542687;40.2302499999957;15.2400700000208;53
1993542687;40.2301999999959;15.2390500000194;54
1993542687;40.2301999999961;15.2378400000178;55
1993542687;40.2303499999965;15.2360800000157;56
1993542687;40.2305099999967;15.2351700000147;57
1993542687;40.2309199999971;15.233550000013;58
1993542687;40.2314499999975;15.2317100000113;59
1993542687;40.2317199999977;15.2309800000107;60
1993542687;40.2334199999986;15.2258400000069;61
1993542687;40.2335099999987;15.2255600000067;62
1993542687;40.2337099999988;15.2247900000062;63
1993542687;40.2340099999989;15.2234000000054;64
1993542687;40.234059999999;15.2224500000049;65
1993542687;40.2340499999991;15.2214500000044;66
1993542687;40.2339199999991;15.2203800000038;67
1993542687;40.2335999999992;15.2187200000031;68
1993542687;40.2330899999993;15.2164300000023;69
1993542687;40.2328099999994;15.2152800000019;70
1993542687;40.2324199999994;15.2144000000016;71
1993542687;40.2318499999994;15.2135500000014;72
1993542687;40.2311899999995;15.2127100000011;73
1993542687;40.2308899999995;15.212210000001;74
1993542687;40.2306599999995;15.2114700000009;75
1993542687;40.2305599999996;15.2108000000007;76
1993542687;40.2306199999997;15.2098800000006;77
1993542687;40.2308499999997;15.2087000000004;78
1993542687;40.2309499999998;15.2077200000003;79
1993542687;40.2308799999998;15.2069400000003;80
1993542687;40.2307299999999;15.2063400000002;81
1993542687;40.2304999999999;15.2057200000001;82
1993542687;40.2301499999999;15.2050800000001;83
1993542687;40.22984;15.20439;84
1993542687;40.22971;15.20393;85
1993542687;40.22953;15.20319;86
1993542687;40.2293400000001;15.2013899999999;87
1993542687;40.2292500000001;15.2009499999999;88
1993542687;40.2284900000003;15.1984599999999;89
1993542687;40.2283900000003;15.1980399999999;90
1993542687;40.2282000000003;15.1970199999999;91
1993542687;40.2281300000003;15.19582;92
1993542687;40.2281800000003;15.19464;93
1993542687;40.2282900000003;15.19292;94
1993542687;40.2283400000003;15.1917800000001;95
1993542687;40.2283500000003;15.1889700000001;96
1993542687;40.2282200000002;15.1870400000001;97
1993542687;40.2281000000002;15.1856500000001;98
1993542687;40.22773;15.18271;99
1993542687;40.2276499999999;15.1815499999999;100
1993542687;40.2276999999999;15.1804699999999;101
1993542687;40.2278699999998;15.1795299999997;102
1993542687;40.2281299999997;15.1785799999996;103
1993542687;40.2287899999995;15.1765799999992;104
1993542687;40.2293899999993;15.1745999999988;105
1993542687;40.2295999999993;15.1736799999985;106
1993542687;40.2296899999992;15.1731799999984;107
1993542687;40.2297799999991;15.1721299999981;108
1993542687;40.229809999999;15.1709599999977;109
1993542687;40.2297299999988;15.1694399999972;110
1993542687;40.2296399999987;15.1681899999967;111
1993542687;40.2295999999985;15.166839999996;112
1993542687;40.2296499999984;15.1658299999955;113
1993542687;40.2297599999983;15.164929999995;114
1993542687;40.2299799999982;15.1637899999944;115
1993542687;40.2302499999981;15.1629199999938;116
1993542687;40.2303599999981;15.1626299999936;117
1993542687;40.230729999998;15.161799999993;118
1993542687;40.230859999998;15.1615399999928;119
1993542687;40.231169999998;15.1609599999923;120
1993542687;40.2329799999981;15.1578999999897;121
1993542687;40.2330999999981;15.1578199999896;122
1993542687;40.2331999999981;15.1577899999896;123
1993542687;40.2333099999981;15.1577899999896;124
1993542687;40.2333899999982;15.1578399999896;125
1993542687;40.2334799999982;15.1579299999897;126
1993542687;40.2335499999982;15.1580699999898;127
1993542687;40.2335499999983;15.15825999999;128
1993542687;40.2335199999983;15.1584299999901;129
1993542687;40.2334499999982;15.1585699999902;130
1993542687;40.2333399999983;15.1586799999903;131
1993542687;40.2331699999982;15.1587199999904;132
1993542687;40.2329799999982;15.1586899999904;133
1993542687;40.2327799999981;15.1586299999903;134
1993542687;40.2322699999979;15.1583799999902;135
1993542687;40.2322199999979;15.1582699999901;136
1993542687;40.2321799999979;15.15812999999;137
1993542687;40.2320699999979;15.1580399999899;138
1993542687;40.2319499999978;15.1579899999899;139
1993542687;40.2318799999978;15.1579799999899;140
1993542687;40.2313599999977;15.1586099999905;141
1993542687;40.2310199999977;15.1589399999908;142
1993542687;40.2300999999976;15.1597699999916;143
1993542687;40.2297499999976;15.1600499999919;144
1993542687;40.2295599999976;15.160169999992;145
1993542687;40.2295099999976;15.1602699999921;146
1993542687;40.2290599999975;15.1602499999921;147
1993542687;40.2289399999975;15.1601799999921;148
1993542687;40.2288499999974;15.160039999992;149
1993542687;40.2288499999974;15.1597999999918;150
1993542687;40.2299699999974;15.1584399999905;151
1993542687;40.2299399999974;15.1582799999904;152
1993542687;40.2297899999973;15.1582999999905;153
1993542687;40.2293999999973;15.1587699999909;154
1993542687;40.2293799999973;15.1589799999911;155
1993542687;40.2294199999974;15.1591099999912;156
1993542687;40.2288499999974;15.1597999999918;157
1993542687;40.2288499999974;15.160039999992;158
1993542687;40.2289399999975;15.1601799999921;159
1993542687;40.2290599999975;15.1602499999921;160
1993542687;40.2295099999976;15.1602699999921;161
1993542687;40.2295599999976;15.160169999992;162
1993542687;40.2297499999976;15.1600499999919;163
1993542687;40.2300999999976;15.1597699999916;164
1993542687;40.2310199999977;15.1589399999908;165
1993542687;40.2313599999977;15.1586099999905;166
1993542687;40.2318499999978;15.1580099999899;167
1993542687;40.2326999999979;15.157059999989;168
1993542687;40.233249999998;15.1564099999883;169
1993542687;40.2340599999981;15.155169999987;170
1993542687;40.2342699999981;15.1548299999867;171
1993542687;40.2344499999982;15.1544899999863;172
1993542687;40.2344999999982;15.1543399999861;173
1993542687;40.2345499999981;15.1540399999858;174
1993542687;40.2346699999981;15.1528499999845;175
1993542687;40.2347199999981;15.1525799999842;176
1993542687;40.2347899999981;15.1523399999839;177
1993542687;40.2348999999981;15.1521499999836;178
1993542687;40.2354999999983;15.1513899999827;179
1993542687;40.2357899999984;15.1510699999823;180
1993542687;40.2361399999985;15.1505599999816;181
1993542687;40.2363999999986;15.1502499999812;182
1993542687;40.237589999999;15.1490299999795;183
1993542687;40.2385599999994;15.147999999978;184
1993542687;40.2389999999996;15.1475699999774;185
1993542687;40.2392499999997;15.147289999977;186
1993542687;40.2394299999998;15.1470499999766;187
1993542687;40.2395299999999;15.1468399999763;188
1993542687;40.23967;15.1464099999757;189
1993542687;40.2398400000001;15.1460199999751;190
1993542687;40.2399200000001;15.1458499999748;191
1993542687;40.2402300000003;15.145349999974;192
1993542687;40.2407700000006;15.1446199999728;193
1993542687;40.241590000001;15.1435699999711;194
1993542687;40.2422100000015;15.1428299999698;195
1993542687;40.2427200000018;15.1422899999689;196
1993542687;40.2432000000021;15.1418499999681;197
1993542687;40.2438800000026;15.1412899999671;198
1993542687;40.2449300000033;15.140599999966;199
1993542687;40.2456900000038;15.140039999965;200
1993542687;40.245920000004;15.1399199999648;201
1993542687;40.2463400000043;15.1397699999645;202
1993542687;40.2465800000045;15.1397199999645;203
1993542687;40.2468400000047;15.1395799999642;204
1993542687;40.2475400000051;15.1393299999639;205
1993542687;40.2482800000057;15.1390399999634;206
1993542687;40.248780000006;15.1388199999631;207
1993542687;40.2488700000061;15.138759999963;208
1993542687;40.2493700000065;15.1385699999627;209
1993542687;40.2498300000068;15.1382699999622;210
1993542687;40.2502900000072;15.1379399999616;211
1993542687;40.2503600000073;15.1378699999615;212
1993542687;40.2513200000081;15.1371999999603;213
1993542687;40.2519700000087;15.1366799999594;214
1993542687;40.2520600000088;15.1365799999592;215
1993542687;40.252380000009;15.1363499999588;216
1993542687;40.2526100000092;15.1361499999584;217
1993542687;40.2528700000095;15.135949999958;218
1993542687;40.2533700000099;15.1356199999575;219
1993542687;40.25344000001;15.1355999999574;220
1993542687;40.2541600000106;15.1351799999567;221
1993542687;40.2542300000106;15.1351699999567;222
1993542687;40.2555600000117;15.1345999999559;223
1993542687;40.255980000012;15.1344999999559;224
1993542687;40.2565300000125;15.1342799999556;225
1993542687;40.257060000013;15.1338999999549;226
1993542687;40.2574800000134;15.1335199999542;227
1993542687;40.2575600000136;15.1333699999539;228
1993542687;40.2576200000138;15.133009999953;229
1993542687;40.257690000015;15.1306499999471;230
1993542687;40.2577200000159;15.1290099999426;231
1993542687;40.2578000000161;15.1287399999419;232
1993542687;40.2579400000164;15.1283599999409;233
1993542687;40.2582400000168;15.1279599999399;234
1993542687;40.2586513223262;15.1275580260823;235