shape_id;shape_pt_lat;shape_pt_lon;shape_pt_sequence
2907022182;40.6800473383948;14.7058800278057;1
2907022182;40.6794900000002;14.7063599999997;2
2907022182;40.6792500000001;14.7067399999997;3
2907022182;40.6792900000001;14.7071599999997;4
2907022182;40.6793100000001;14.7077699999998;5
2907022182;40.6793000000001;14.7081099999998;6
2907022182;40.6793200000001;14.7081499999998;7
2907022182;40.6791400000001;14.7084499999998;8
2907022182;40.6791000000001;14.7084999999998;9
2907022182;40.6790100000001;14.7085599999998;10
2907022182;40.6789700000001;14.7086699999998;11
2907022182;40.6789900000001;14.7087399999998;12
2907022182;40.6790900000001;14.7088299999999;13
2907022182;40.6792300000001;14.7086499999998;14
2907022182;40.6794000000001;14.7084799999998;15
2907022182;40.6794300000001;14.7086499999998;16
2907022182;40.6796000000001;14.7092799999999;17
2907022182;40.6796100000001;14.7095799999999;18
2907022182;40.6795900000001;14.7098899999999;19
2907022182;40.6796000000001;14.7100199999999;20
2907022182;40.67966;14.7102099999999;21
2907022182;40.67976;14.7104499999999;22
2907022182;40.67976;14.7104899999999;23
2907022182;40.67971;14.71076;24
2907022182;40.67954;14.71118;25
2907022182;40.67953;14.71136;26
2907022182;40.67956;14.71168;27
2907022182;40.67959;14.7117;28
2907022182;40.67973;14.7117;29
2907022182;40.67985;14.71213;30
2907022182;40.67987;14.7125;31
2907022182;40.67987;14.71308;32
2907022182;40.67965;14.71309;33
2907022182;40.67954;14.71313;34
2907022182;40.67901;14.71375;35
2907022182;40.67788;14.71499;36
2907022182;40.67709;14.71573;37
2907022182;40.67647;14.71672;38
2907022182;40.67577;14.71754;39
2907022182;40.67569;14.71772;40
2907022182;40.67548;14.71811;41
2907022182;40.6754;14.71832;42
2907022182;40.67522;14.71861;43
2907022182;40.67502;14.71905;44
2907022182;40.675;14.71924;45
2907022182;40.67494;14.71941;46
2907022182;40.67491;14.71981;47
2907022182;40.67487;14.71991;48
2907022182;40.67469;14.72014;49
2907022182;40.67466;14.72021;50
2907022182;40.67462;14.72031;51
2907022182;40.67458;14.72058;52
2907022182;40.67454;14.72068;53
2907022182;40.67431;14.72092;54
2907022182;40.67427;14.72099;55
2907022182;40.67425;14.72108;56
2907022182;40.67426;14.72117;57
2907022182;40.67429;14.72125;58
2907022182;40.67443;14.72146;59
2907022182;40.67443;14.72154;60
2907022182;40.67439;14.72157;61
2907022182;40.67429;14.72158;62
2907022182;40.67387;14.7211;63
2907022182;40.67379;14.72099;64
2907022182;40.67377;14.72093;65
2907022182;40.67377;14.72084;66
2907022182;40.6738;14.72075;67
2907022182;40.67386;14.72067;68
2907022182;40.67393;14.72061;69
2907022182;40.67413;14.72056;70
2907022182;40.67418;14.72051;71
2907022182;40.67422;14.72038;72
2907022182;40.67419;14.72013;73
2907022182;40.67421;14.71999;74
2907022182;40.67427;14.71986;75
2907022182;40.67433;14.71978;76
2907022182;40.67434;14.71968;77
2907022182;40.67425;14.71951;78
2907022182;40.67421;14.7194;79
2907022182;40.6742;14.71928;80
2907022182;40.67421;14.71916;81
2907022182;40.67426;14.71901;82
2907022182;40.67428;14.71888;83
2907022182;40.67426;14.71874;84
2907022182;40.67426;14.71847;85
2907022182;40.67436;14.71808;86
2907022182;40.67442;14.71771;87
2907022182;40.67441;14.71762;88
2907022182;40.67434;14.71752;89
2907022182;40.67406;14.71749;90
2907022182;40.67389;14.71751;91
2907022182;40.67381;14.71755;92
2907022182;40.67373;14.71763;93
2907022182;40.67368;14.71772;94
2907022182;40.6736;14.71797;95
2907022182;40.67356;14.71803;96
2907022182;40.67352;14.71805;97
2907022182;40.67348;14.71805;98
2907022182;40.67328;14.71787;99
2907022182;40.67317;14.71789;100
2907022182;40.67312;14.71795;101
2907022182;40.67309;14.71814;102
2907022182;40.67313;14.71832;103
2907022182;40.67329;14.71872;104
2907022182;40.6733;14.7188;105
2907022182;40.67329;14.71889;106
2907022182;40.67324;14.719;107
2907022182;40.673;14.71921;108
2907022182;40.67284;14.7193;109
2907022182;40.67208;14.71954;110
2907022182;40.67177;14.71955;111
2907022182;40.67155;14.71966;112
2907022182;40.67139;14.71977;113
2907022182;40.67125;14.7199;114
2907022182;40.67116;14.72001;115
2907022182;40.67086;14.72048;116
2907022182;40.67072;14.72065;117
2907022182;40.67064;14.72071;118
2907022182;40.67054;14.72072;119
2907022182;40.67043;14.7207;120
2907022182;40.67034;14.72065;121
2907022182;40.67009;14.72041;122
2907022182;40.66988;14.72015;123
2907022182;40.66979;14.72;124
2907022182;40.6697;14.71981;125
2907022182;40.66966;14.71969;126
2907022182;40.66959;14.71969;127
2907022182;40.66942;14.71979;128
2907022182;40.66945;14.71991;129
2907022182;40.66953;14.72003;130
2907022182;40.66988;14.72038;131
2907022182;40.67033;14.72101;132
2907022182;40.67044;14.72108;133
2907022182;40.67055;14.72112;134
2907022182;40.67062;14.72112;135
2907022182;40.67076;14.72106;136
2907022182;40.67137;14.72045;137
2907022182;40.67151;14.72037;138
2907022182;40.67162;14.72035;139
2907022182;40.67172;14.72037;140
2907022182;40.67181;14.72045;141
2907022182;40.67187;14.72055;142
2907022182;40.67191;14.72066;143
2907022182;40.67193;14.7208;144
2907022182;40.67193;14.72092;145
2907022182;40.67191;14.72105;146
2907022182;40.67186;14.72119;147
2907022182;40.67174;14.72142;148
2907022182;40.67173;14.72151;149
2907022182;40.67174;14.72167;150
2907022182;40.6718;14.72187;151
2907022182;40.67181;14.72196;152
2907022182;40.67178;14.72207;153
2907022182;40.67164;14.72237;154
2907022182;40.67158;14.72253;155
2907022182;40.67154;14.72272;156
2907022182;40.67149;14.72282;157
2907022182;40.67143;14.7229;158
2907022182;40.67133;14.72299;159
2907022182;40.67091;14.72332;160
2907022182;40.67084;14.72342;161
2907022182;40.6708;14.72353;162
2907022182;40.67079;14.72364;163
2907022182;40.67082;14.72378;164
2907022182;40.67116;14.72458;165
2907022182;40.67126;14.72475;166
2907022182;40.67134;14.72478;167
2907022182;40.67166;14.72479;168
2907022182;40.67173;14.7248200000001;169
2907022182;40.67201;14.7250200000001;170
2907022182;40.67218;14.7250100000001;171
2907022182;40.67221;14.7250200000001;172
2907022182;40.67224;14.7250700000001;173
2907022182;40.6724;14.7249500000001;174
2907022182;40.67266;14.72481;175
2907022182;40.67337;14.7246500000001;176
2907022182;40.67365;14.72462;177
2907022182;40.67371;14.7246400000001;178
2907022182;40.67375;14.7246800000001;179
2907022182;40.67383;14.7248400000001;180
2907022182;40.67407;14.7254500000001;181
2907022182;40.67407;14.7255600000001;182
2907022182;40.67405;14.7256300000001;183
2907022182;40.67384;14.7259100000001;184
2907022182;40.67373;14.7261500000001;185
2907022182;40.67322;14.7277500000002;186
2907022182;40.67321;14.7278600000002;187
2907022182;40.67276;14.7281100000002;188
2907022182;40.67255;14.7281800000002;189
2907022182;40.6725;14.7280600000002;190
2907022182;40.6722;14.7279000000002;191
2907022182;40.67185;14.7277800000002;192
2907022182;40.6710099999999;14.7273900000001;193
2907022182;40.6708399999999;14.7273800000001;194
2907022182;40.67063;14.7274000000001;195
2907022182;40.6703199999999;14.7275100000001;196
2907022182;40.6701699999999;14.7276400000001;197
2907022182;40.6700299999999;14.7281000000002;198
2907022182;40.6699599999999;14.7282400000002;199
2907022182;40.6698799999999;14.7284700000002;200
2907022182;40.6698399999999;14.7287100000002;201
2907022182;40.6698399999999;14.7288100000002;202
2907022182;40.6698899999999;14.7290100000002;203
2907022182;40.6699899999999;14.7292900000002;204
2907022182;40.6700799999999;14.7294300000003;205
2907022182;40.6702299999999;14.7295400000003;206
2907022182;40.6704699999999;14.7296100000003;207
2907022182;40.6705899999999;14.7297000000003;208
2907022182;40.6706399999999;14.7297700000003;209
2907022182;40.6706899999999;14.7299100000003;210
2907022182;40.6707199999999;14.7300600000003;211
2907022182;40.6705999999999;14.7310200000004;212
2907022182;40.6705799999999;14.7319300000005;213
2907022182;40.6705399999999;14.7319700000005;214
2907022182;40.6704999999999;14.7319800000005;215
2907022182;40.6704699999999;14.7319600000005;216
2907022182;40.6704599999999;14.7319000000005;217
2907022182;40.6704999999999;14.7311200000004;218
2907022182;40.6703499999999;14.7307600000004;219
2907022182;40.6702499999999;14.7306800000004;220
2907022182;40.6701699999999;14.7306700000004;221
2907022182;40.6700999999999;14.7307000000004;222
2907022182;40.6697299999999;14.7311500000004;223
2907022182;40.6696399999999;14.7311900000004;224
2907022182;40.6695699999999;14.7311700000004;225
2907022182;40.6694999999999;14.7311200000004;226
2907022182;40.6691599999999;14.7304100000003;227
2907022182;40.6690299999999;14.7299800000003;228
2907022182;40.6689599999999;14.7298700000003;229
2907022182;40.6684999999999;14.7294300000002;230
2907022182;40.6683499999999;14.7293100000002;231
2907022182;40.6682699999999;14.7291600000002;232
2907022182;40.6681199999999;14.7287000000002;233
2907022182;40.6679899999999;14.7282100000001;234
2907022182;40.6679499999999;14.7279400000001;235
2907022182;40.6679699999999;14.7277300000001;236
2907022182;40.6680599999999;14.7274800000001;237
2907022182;40.66816;14.7273200000001;238
2907022182;40.6681899999999;14.7271700000001;239
2907022182;40.6681999999999;14.7269900000001;240
2907022182;40.6681899999999;14.7266200000001;241
2907022182;40.66809;14.72557;242
2907022182;40.66809;14.72481;243
2907022182;40.66837;14.72341;244
2907022182;40.66838;14.72311;245
2907022182;40.66835;14.72283;246
2907022182;40.66803;14.72099;247
2907022182;40.66806;14.72094;248
2907022182;40.66807;14.72086;249
2907022182;40.66804;14.72076;250
2907022182;40.66799;14.72073;251
2907022182;40.66796;14.72076;252
2907022182;40.6679326867491;14.7208419397646;253