shape_id;shape_pt_lat;shape_pt_lon;shape_pt_sequence
546892233;40.6927417698006;14.7989521623785;1
546892233;40.6928500000016;14.7984200000056;2
546892233;40.6930200000015;14.7971400000049;3
546892233;40.6931400000015;14.7970200000048;4
546892233;40.6934900000015;14.7964800000045;5
546892233;40.6934900000015;14.7963000000044;6
546892233;40.6933700000014;14.7960600000043;7
546892233;40.6932200000014;14.7958100000042;8
546892233;40.6930300000013;14.7951200000039;9
546892233;40.6929600000013;14.7950400000038;10
546892233;40.6924400000012;14.7949300000038;11
546892233;40.6920600000011;14.7945200000037;12
546892233;40.6919800000011;14.7940700000035;13
546892233;40.6920000000011;14.7939700000034;14
546892233;40.692180000001;14.7935100000032;15
546892233;40.692190000001;14.7931300000031;16
546892233;40.6919500000009;14.7925900000029;17
546892233;40.6919300000009;14.7924600000028;18
546892233;40.6920100000009;14.7923100000028;19
546892233;40.6925400000009;14.7918200000025;20
546892233;40.6926300000009;14.7914500000024;21
546892233;40.6926700000009;14.7911900000023;22
546892233;40.6926600000008;14.7906600000022;23
546892233;40.6926400000008;14.7904500000021;24
546892233;40.6926900000008;14.790130000002;25
546892233;40.6927200000007;14.7895700000018;26
546892233;40.6927000000007;14.7894200000018;27
546892233;40.6925000000007;14.7889700000017;28
546892233;40.6924000000006;14.7883900000015;29
546892233;40.6922900000006;14.7879700000014;30
546892233;40.6918700000005;14.7875700000014;31
546892233;40.6914400000005;14.7869300000012;32
546892233;40.6908900000004;14.7863000000011;33
546892233;40.6907900000004;14.7860300000011;34
546892233;40.6906500000004;14.785760000001;35
546892233;40.6905000000004;14.785630000001;36
546892233;40.6902500000003;14.7852100000009;37
546892233;40.6896800000003;14.7839200000007;38
546892233;40.6902900000003;14.7834800000007;39
546892233;40.6903200000003;14.7831800000006;40
546892233;40.6903600000003;14.7830000000006;41
546892233;40.6907100000002;14.7824000000005;42
546892233;40.6909800000002;14.7816700000004;43
546892233;40.6913500000002;14.7809500000003;44
546892233;40.6914600000002;14.7806800000003;45
546892233;40.6915900000001;14.7802500000002;46
546892233;40.6914300000001;14.7801100000002;47
546892233;40.6913300000001;14.7799700000002;48
546892233;40.6902200000001;14.7790800000002;49
546892233;40.6898100000001;14.7787200000002;50
546892233;40.6895000000001;14.7781600000002;51
546892233;40.6894300000001;14.7778900000001;52
546892233;40.6894400000001;14.7774300000001;53
546892233;40.6894100000001;14.7772900000001;54
546892233;40.6891400000001;14.7772000000001;55
546892233;40.6888100000001;14.7772000000001;56
546892233;40.6886000000001;14.7772300000001;57
546892233;40.6884800000001;14.7772100000001;58
546892233;40.6878000000001;14.7772700000001;59
546892233;40.6874800000001;14.7773300000001;60
546892233;40.68669;14.7773800000001;61
546892233;40.6866100000001;14.7773000000002;62
546892233;40.68614;14.7773000000002;63
546892233;40.68583;14.7772600000002;64
546892233;40.68516;14.7769800000001;65
546892233;40.68371;14.7760400000001;66
546892233;40.68405;14.7753200000001;67
546892233;40.68397;14.7752500000001;68
546892233;40.68392;14.7751300000001;69
546892233;40.68391;14.7750300000001;70
546892233;40.68381;14.7750400000001;71
546892233;40.68358;14.7748700000001;72
546892233;40.6831;14.77431;73
546892233;40.68266;14.77395;74
546892233;40.68247;14.77386;75
546892233;40.68184;14.7738;76
546892233;40.6814;14.77398;77
546892233;40.68129;14.77396;78
546892233;40.68122;14.77398;79
546892233;40.68117;14.77403;80
546892233;40.68114;14.7741;81
546892233;40.68114;14.7742;82
546892233;40.68038;14.77444;83
546892233;40.67989;14.77365;84
546892233;40.68001;14.77324;85
546892233;40.68021;14.77289;86
546892233;40.68057;14.77212;87
546892233;40.67961;14.77016;88
546892233;40.67982;14.7695;89
546892233;40.6801;14.768;90
546892233;40.68021;14.76772;91
546892233;40.68041;14.76691;92
546892233;40.68014;14.76681;93
546892233;40.67983;14.76673;94
546892233;40.67954;14.76658;95
546892233;40.67904;14.76636;96
546892233;40.6782;14.76604;97
546892233;40.67745;14.76572;98
546892233;40.6771100000001;14.7656;99
546892233;40.6763000000001;14.76524;100
546892233;40.6765800000001;14.76407;101
546892233;40.67673;14.7636;102
546892233;40.67691;14.76296;103
546892233;40.67708;14.76249;104
546892233;40.67748;14.76109;105
546892233;40.67763;14.76064;106
546892233;40.67772;14.7602399999999;107
546892233;40.6779099999999;14.7596299999999;108
546892233;40.6781399999999;14.7589899999999;109
546892233;40.6783399999999;14.7582199999998;110
546892233;40.6785799999999;14.7574399999998;111
546892233;40.6787699999999;14.7565999999997;112
546892233;40.6789799999998;14.7549399999995;113
546892233;40.6790399999998;14.7542099999994;114
546892233;40.6791299999998;14.7536699999994;115
546892233;40.6792099999998;14.7526199999992;116
546892233;40.6792799999997;14.7520499999991;117
546892233;40.6789399999997;14.7520199999991;118
546892233;40.6785499999997;14.7519199999991;119
546892233;40.6777299999997;14.7517799999991;120
546892233;40.6778199999996;14.751359999999;121
546892233;40.6779099999996;14.7498799999987;122
546892233;40.6779899999995;14.7491399999986;123
546892233;40.6779899999995;14.7484599999984;124
546892233;40.6779099999995;14.7476499999982;125
546892233;40.6779499999994;14.7459899999977;126
546892233;40.6779099999993;14.7451999999974;127
546892233;40.6778699999993;14.7449499999973;128
546892233;40.6776999999993;14.7445699999972;129
546892233;40.6774999999991;14.7434099999968;130
546892233;40.6773799999991;14.7429999999966;131
546892233;40.6761599999987;14.7397299999951;132
546892233;40.6759499999986;14.7392499999949;133
546892233;40.6755599999984;14.7385899999946;134
546892233;40.6752285299983;14.7380789599943;135
546892233;40.6751401799983;14.7377501599941;136
546892233;40.6750499999983;14.7377799999941;137
546892233;40.6748999459306;14.7376924684096;138