shape_id;shape_pt_lat;shape_pt_lon;shape_pt_sequence
3676812044;40.3755553357434;15.3808323321072;1
3676812044;40.3754399999598;15.380879999972;2
3676812044;40.3745399999626;15.3811099999736;3
3676812044;40.3736999999653;15.3813599999751;4
3676812044;40.3733999999664;15.3815299999757;5
3676812044;40.3730299999674;15.3815499999762;6
3676812044;40.3728999999678;15.3815799999765;7
3676812044;40.3727499999683;15.3816599999768;8
3676812044;40.3723399999698;15.3819699999776;9
3676812044;40.3722299999702;15.3820299999778;10
3676812044;40.3721299999704;15.382029999978;11
3676812044;40.3720299999706;15.3819699999781;12
3676812044;40.3719399999706;15.3818499999781;13
3676812044;40.3718899999704;15.3816499999781;14
3676812044;40.3718499999701;15.3813599999779;15
3676812044;40.3717999999699;15.3811899999779;16
3676812044;40.3717399999699;15.3810899999779;17
3676812044;40.37166999997;15.3810699999779;18
3676812044;40.3714499999707;15.3811399999783;19
3676812044;40.3713899999709;15.3811999999785;20
3676812044;40.3712999999713;15.3813199999787;21
3676812044;40.3713099999715;15.3814299999788;22
3676812044;40.3714099999717;15.3817099999788;23
3676812044;40.3714299999719;15.3818599999789;24
3676812044;40.3714399999722;15.3820899999791;25
3676812044;40.3713899999731;15.3825499999796;26
3676812044;40.3713899999735;15.3827699999798;27
3676812044;40.3714199999736;15.3828999999798;28
3676812044;40.3715399999738;15.3831699999799;29
3676812044;40.3716199999738;15.3832999999799;30
3676812044;40.3717599999736;15.3834099999798;31
3676812044;40.3723299999728;15.3837699999792;32
3676812044;40.3732099999715;15.3842499999782;33
3676812044;40.3734599999712;15.384439999978;34
3676812044;40.3737599999707;15.3846099999776;35
3676812044;40.3739299999704;15.3846899999774;36
3676812044;40.3740899999701;15.3847399999772;37
3676812044;40.3742199999697;15.384709999977;38
3676812044;40.374409999969;15.3845799999765;39
3676812044;40.3745199999686;15.3845399999763;40
3676812044;40.3745899999685;15.3845699999762;41
3676812044;40.3746299999684;15.3846199999762;42
3676812044;40.3746299999686;15.3846899999763;43
3676812044;40.3745899999688;15.3847699999764;44
3676812044;40.3741399999706;15.3850799999775;45
3676812044;40.3738499999718;15.3853899999782;46
3676812044;40.3737499999722;15.3854399999785;47
3676812044;40.3736799999724;15.3854699999786;48
3676812044;40.3733399999734;15.3855099999792;49
3676812044;40.373099999974;15.3855099999796;50
3676812044;40.3726499999754;15.3856699999805;51
3676812044;40.3723999999761;15.385739999981;52
3676812044;40.3720999999771;15.3859199999817;53
3676812044;40.3719899999776;15.386039999982;54
3676812044;40.3718599999783;15.3862599999825;55
3676812044;40.3717599999789;15.3864799999829;56
3676812044;40.3716499999795;15.3866499999833;57
3676812044;40.371279999981;15.3870499999843;58
3676812044;40.3711699999816;15.3871999999847;59
3676812044;40.3711199999819;15.3873199999849;60
3676812044;40.3709799999826;15.3875599999855;61
3676812044;40.370899999983;15.3876399999857;62
3676812044;40.3705499999841;15.3878299999865;63
3676812044;40.3703999999845;15.3878899999869;64
3676812044;40.370249999985;15.3879899999872;65
3676812044;40.3700799999855;15.3880699999876;66
3676812044;40.369959999986;15.3881599999879;67
3676812044;40.3698599999863;15.3882599999882;68
3676812044;40.3696399999874;15.3886199999891;69
3676812044;40.3693299999887;15.3889399999901;70
3676812044;40.3691799999892;15.3890699999905;71
3676812044;40.3684899999915;15.3895499999923;72
3676812044;40.3674399999944;15.3900799999949;73
3676812044;40.3673199999949;15.3902399999953;74
3676812044;40.3670699999962;15.3906999999965;75
3676812044;40.3668399999971;15.3909699999973;76
3676812044;40.3667199999974;15.3910099999975;77
3676812044;40.3665899999977;15.3910199999978;78
3676812044;40.3664399999979;15.391009999998;79
3676812044;40.3660999999984;15.3909399999985;80
3676812044;40.3660099999985;15.3909399999986;81
3676812044;40.3659599999987;15.3909799999987;82
3676812044;40.3655000000006;15.3916300000006;83
3676812044;40.3653100000016;15.3920300000016;84
3676812044;40.3652000000027;15.3925000000026;85
3676812044;40.3651600000033;15.3928300000033;86
3676812044;40.3650600000043;15.3933200000044;87
3676812044;40.3648900000053;15.3936900000054;88
3676812044;40.3645900000068;15.394250000007;89
3676812044;40.3645000000071;15.3943900000074;90
3676812044;40.3642700000078;15.3945400000081;91
3676812044;40.3637000000091;15.3948200000096;92
3676812044;40.3635700000095;15.39493000001;93
3676812044;40.3634000000101;15.3951300000107;94
3676812044;40.3633100000105;15.3952800000112;95
3676812044;40.3632600000109;15.3954600000117;96
3676812044;40.3632200000114;15.3957000000122;97
3676812044;40.3631700000117;15.3958500000126;98
3676812044;40.3630800000121;15.3960000000131;99
3676812044;40.3628300000128;15.3961800000139;100
3676812044;40.3625900000135;15.3964000000148;101
3676812044;40.3625600000137;15.3964800000151;102
3676812044;40.362530000014;15.3966500000155;103
3676812044;40.3623800000148;15.3969800000165;104
3676812044;40.3622100000153;15.3971400000171;105
3676812044;40.3619800000158;15.3972300000177;106
3676812044;40.3617200000161;15.3972400000182;107
3676812044;40.3613000000163;15.3970800000185;108
3676812044;40.3611000000167;15.3971600000191;109
3676812044;40.3609000000174;15.3973900000199;110
3676812044;40.360720000018;15.3976300000208;111
3676812044;40.3605700000184;15.3977900000214;112
3676812044;40.3604900000186;15.3978400000217;113
3676812044;40.3604000000187;15.3978400000218;114
3676812044;40.3603400000186;15.3977400000217;115
3676812044;40.3603300000184;15.3975800000213;116
3676812044;40.360290000018;15.3973700000209;117
3676812044;40.3602100000179;15.3972500000207;118
3676812044;40.359870000018;15.397120000021;119
3676812044;40.359780000018;15.3970200000209;120
3676812044;40.3596900000177;15.3968000000205;121
3676812044;40.3596200000174;15.3965700000201;122
3676812044;40.3594700000173;15.3964400000201;123
3676812044;40.3593600000173;15.3963600000201;124
3676812044;40.3590000000179;15.3964800000209;125
3676812044;40.3587700000182;15.3965200000214;126
3676812044;40.3583400000187;15.3965500000221;127
3676812044;40.3581600000188;15.3965200000223;128
3676812044;40.3580100000187;15.3963800000222;129
3676812044;40.3579000000185;15.3961700000219;130
3676812044;40.3578000000181;15.3959100000215;131
3676812044;40.3576900000179;15.3957200000212;132
3676812044;40.357570000018;15.3956600000213;133
3676812044;40.3573900000182;15.3956900000216;134
3676812044;40.3572600000183;15.3956700000218;135
3676812044;40.3571100000183;15.3955900000218;136
3676812044;40.3568800000181;15.3953500000216;137
3676812044;40.3567300000181;15.3952400000216;138
3676812044;40.3563900000179;15.3949200000214;139
3676812044;40.3563100000177;15.3947900000212;140
3676812044;40.3562800000175;15.3946100000209;141
3676812044;40.3562900000169;15.3942600000201;142
3676812044;40.3564800000151;15.3932300000176;143
3676812044;40.3564700000148;15.3929900000172;144
3676812044;40.3564300000145;15.3928000000168;145
3676812044;40.3563700000145;15.3927200000167;146
3676812044;40.3561100000145;15.3925700000168;147
3676812044;40.3560200000145;15.3924900000168;148
3676812044;40.3558300000142;15.3921700000164;149
3676812044;40.3556000000137;15.3917000000158;150
3676812044;40.3555300000135;15.3915300000156;151
3676812044;40.3555000000133;15.3913800000153;152
3676812044;40.3554900000129;15.3911100000148;153
3676812044;40.3554500000127;15.3909300000145;154
3676812044;40.3552200000121;15.3903800000138;155
3676812044;40.3551900000119;15.3902400000136;156
3676812044;40.3552000000115;15.389950000013;157
3676812044;40.3552900000111;15.3897600000125;158
3676812044;40.3553800000109;15.3896600000122;159
3676812044;40.3554700000108;15.389610000012;160
3676812044;40.3555800000107;15.3896300000119;161
3676812044;40.3556700000107;15.3896900000119;162
3676812044;40.3558200000109;15.3899200000121;163
3676812044;40.3559600000114;15.3904000000128;164
3676812044;40.3560500000115;15.390550000013;165
3676812044;40.3563600000117;15.3908800000132;166
3676812044;40.3564700000118;15.3910500000133;167
3676812044;40.3566100000119;15.3912000000134;168
3676812044;40.3568000000121;15.3914500000136;169
3676812044;40.3568700000122;15.3915800000138;170
3676812044;40.3570500000127;15.3920100000144;171
3676812044;40.3571800000132;15.3924000000149;172
3676812044;40.3572400000132;15.392460000015;173
3676812044;40.3573400000131;15.3925000000149;174
3676812044;40.3574000000131;15.3924900000148;175
3676812044;40.357430000013;15.3924600000147;176
3676812044;40.3574300000129;15.3924100000146;177
3676812044;40.3572000000125;15.3919700000141;178
3676812044;40.3570900000121;15.3916700000136;179
3676812044;40.3569800000117;15.3912900000131;180
3676812044;40.3569000000115;15.3911000000128;181
3676812044;40.3567600000114;15.3909300000127;182
3676812044;40.3566800000112;15.3908000000126;183
3676812044;40.3565300000109;15.3904700000122;184
3676812044;40.3564800000105;15.3901600000117;185
3676812044;40.3562000000089;15.3888600000097;186
3676812044;40.3561300000088;15.3887500000096;187
3676812044;40.3560100000088;15.3886500000096;188
3676812044;40.3556400000092;15.38861000001;189
3676812044;40.3551900000094;15.3884200000103;190
3676812044;40.3551100000093;15.3883600000103;191
3676812044;40.3550600000093;15.3882600000102;192
3676812044;40.3550200000091;15.38811000001;193
3676812044;40.355010000009;15.3880000000098;194
3676812044;40.3550300000087;15.3878300000095;195
3676812044;40.3550900000085;15.3876900000092;196
3676812044;40.3553900000069;15.3867600000073;197
3676812044;40.3553800000064;15.3863900000068;198
3676812044;40.3553400000058;15.3859700000062;199
3676812044;40.3553200000053;15.3855200000055;200
3676812044;40.3553200000048;15.385150000005;201
3676812044;40.3556300000023;15.3834900000023;202
3676812044;40.3557000000019;15.3832900000019;203
3676812044;40.3558000000016;15.3830900000015;204
3676812044;40.3558100000014;15.3829600000014;205
3676812044;40.3558000000013;15.3828500000012;206
3676812044;40.3550299999995;15.3806899999995;207
3676812044;40.3549199999994;15.3804899999994;208
3676812044;40.3547299999993;15.3802299999993;209
3676812044;40.3544999999992;15.3799499999993;210
3676812044;40.3543099999993;15.3798499999993;211
3676812044;40.3541499999995;15.3798099999995;212
3676812044;40.3540199999997;15.3798399999997;213
3676812044;40.3538699999999;15.37996;214
3676812044;40.3533700000013;15.3806000000012;215
3676812044;40.3531700000016;15.3807100000016;216
3676812044;40.3528400000019;15.3806500000019;217
3676812044;40.352620000002;15.380580000002;218
3676812044;40.352440000002;15.3804300000021;219
3676812044;40.352260000002;15.380240000002;220
3676812044;40.352010000002;15.380030000002;221
3676812044;40.351790000002;15.3798500000021;222
3676812044;40.3516000000021;15.3797300000021;223
3676812044;40.3511500000025;15.3797100000026;224
3676812044;40.3509300000026;15.3796000000027;225
3676812044;40.3506600000026;15.3793700000027;226
3676812044;40.3504200000028;15.3793100000028;227
3676812044;40.350190000003;15.3793400000031;228
3676812044;40.3494300000042;15.3797900000044;229
3676812044;40.3493500000044;15.3799200000046;230
3676812044;40.3492600000047;15.380140000005;231
3676812044;40.3492300000049;15.3802700000052;232
3676812044;40.3491400000051;15.3804000000054;233
3676812044;40.3487200000057;15.3807100000062;234
3676812044;40.3485700000059;15.3807200000064;235
3676812044;40.3482600000059;15.3805600000065;236
3676812044;40.348150000006;15.3805500000066;237
3676812044;40.3479600000062;15.3805900000068;238
3676812044;40.3478300000063;15.380590000007;239
3676812044;40.3477300000063;15.380520000007;240
3676812044;40.3474900000061;15.3801400000067;241
3676812044;40.3473100000056;15.3795700000062;242
3676812044;40.3472000000055;15.379340000006;243
3676812044;40.3470500000054;15.3791500000059;244
3676812044;40.3468100000054;15.3789900000059;245
3676812044;40.3462900000056;15.3788200000062;246
3676812044;40.3459000000057;15.3785900000063;247
3676812044;40.3457200000057;15.3785300000064;248
3676812044;40.3453900000057;15.3782200000063;249
3676812044;40.3453400000056;15.3781300000063;250
3676812044;40.3453100000055;15.3780400000062;251
3676812044;40.3453100000055;15.3779700000061;252
3676812044;40.3453300000054;15.377920000006;253
3676812044;40.3455300000051;15.3777100000056;254
3676812044;40.3456700000048;15.3775100000052;255
3676812044;40.3456900000046;15.377320000005;256
3676812044;40.3457800000043;15.3770500000046;257
3676812044;40.345910000004;15.3767900000042;258
3676812044;40.3459313044362;15.3766763765004;259
3676812044;40.345910000004;15.3767900000042;260
3676812044;40.3457800000043;15.3770500000046;261
3676812044;40.3456900000046;15.377320000005;262
3676812044;40.3456700000048;15.3775100000052;263
3676812044;40.3458800000044;15.3772000000047;264
3676812044;40.3462600000034;15.3764300000036;265
3676812044;40.3463600000031;15.3762600000033;266
3676812044;40.346440000003;15.3761700000031;267
3676812044;40.3465600000029;15.376110000003;268
3676812044;40.3467500000027;15.3760500000027;269
3676812044;40.3469700000023;15.3758900000024;270
3676812044;40.3470400000021;15.3757300000022;271
3676812044;40.3470500000019;15.375530000002;272
3676812044;40.3470200000018;15.3753600000018;273
3676812044;40.3470200000016;15.3751500000016;274
3676812044;40.3470700000014;15.3749500000014;275
3676812044;40.3471800000012;15.3748100000012;276
3676812044;40.3476400000005;15.3745400000005;277
3676812044;40.3477900000003;15.3744000000003;278
3676812044;40.34786;15.37418;279
3676812044;40.3478899999998;15.3739699999998;280
3676812044;40.3479099999995;15.3736699999995;281
3676812044;40.3478999999992;15.3733299999992;282
3676812044;40.3478599999989;15.372969999999;283
3676812044;40.3478499999987;15.3726999999988;284
3676812044;40.3479099999984;15.3723899999985;285
3676812044;40.3480499999978;15.371849999998;286
3676812044;40.3479499999978;15.371779999998;287
3676812044;40.347659999998;15.3716499999981;288
3676812044;40.3475099999981;15.3716099999982;289
3676812044;40.3473899999982;15.3716099999983;290
3676812044;40.3472799999983;15.3716299999984;291
3676812044;40.3471899999984;15.3717099999986;292
3676812044;40.3470799999987;15.3718899999988;293
3676812044;40.3469899999989;15.3719999999989;294
3676812044;40.346889999999;15.3720599999991;295
3676812044;40.3467399999991;15.3720799999992;296
3676812044;40.3466199999992;15.3720599999993;297
3676812044;40.3465199999992;15.3719699999993;298
3676812044;40.3463199999991;15.3716099999991;299
3676812044;40.3462499999991;15.3715699999992;300
3676812044;40.3459199999994;15.3715899999995;301
3676812044;40.3457599999996;15.3716299999996;302
3676812044;40.3456799999997;15.3717099999997;303
3676812044;40.3452500000009;15.3727300000009;304
3676812044;40.3450900000016;15.3734600000016;305
3676812044;40.3450100000019;15.3737200000019;306
3676812044;40.3448200000024;15.3741400000025;307
3676812044;40.3447500000025;15.3742500000026;308
3676812044;40.3445900000027;15.3743400000029;309
3676812044;40.3444900000028;15.3743400000029;310
3676812044;40.3444400000028;15.3742700000029;311
3676812044;40.3444100000027;15.3741900000029;312
3676812044;40.3442900000025;15.3737500000025;313
3676812044;40.3442300000024;15.3736300000025;314
3676812044;40.3440000000024;15.3734800000025;315
3676812044;40.3439000000024;15.3733900000025;316
3676812044;40.3438200000023;15.3732400000024;317
3676812044;40.3437700000021;15.3729100000022;318
3676812044;40.3437600000017;15.3723900000017;319
3676812044;40.3437400000015;15.3721400000015;320
3676812044;40.3437600000014;15.3719800000014;321
3676812044;40.3438200000013;15.3718700000013;322
3676812044;40.3440600000009;15.3716500000009;323
3676812044;40.3441000000008;15.3715100000008;324
3676812044;40.3441000000005;15.3711200000005;325
3676812044;40.34418;15.3706;326
3676812044;40.3441757467005;15.3705510866059;327
3676812044;40.34418;15.3706;328
3676812044;40.3441000000005;15.3711200000005;329
3676812044;40.3441000000008;15.3715100000008;330
3676812044;40.3440600000009;15.3716500000009;331
3676812044;40.3438200000013;15.3718700000013;332
3676812044;40.3437600000014;15.3719800000014;333
3676812044;40.3437400000015;15.3721400000015;334
3676812044;40.3437600000017;15.3723900000017;335
3676812044;40.3437700000021;15.3729100000022;336
3676812044;40.3438200000023;15.3732400000024;337
3676812044;40.3439000000024;15.3733900000025;338
3676812044;40.3440000000024;15.3734800000025;339
3676812044;40.3442300000024;15.3736300000025;340
3676812044;40.3442900000025;15.3737500000025;341
3676812044;40.3444400000028;15.3742700000029;342
3676812044;40.3444900000028;15.3743400000029;343
3676812044;40.3445300000028;15.3743500000029;344
3676812044;40.3445900000027;15.3743400000029;345
3676812044;40.3447500000025;15.3742500000026;346
3676812044;40.3448200000024;15.3741400000025;347
3676812044;40.3450100000019;15.3737200000019;348
3676812044;40.3450900000016;15.3734600000016;349
3676812044;40.3452500000009;15.3727300000009;350
3676812044;40.3456799999997;15.3717099999997;351
3676812044;40.3457599999996;15.3716299999996;352
3676812044;40.3459199999994;15.3715899999995;353
3676812044;40.3462499999991;15.3715699999992;354
3676812044;40.3463199999991;15.3716099999991;355
3676812044;40.3465199999992;15.3719699999993;356
3676812044;40.3466199999992;15.3720599999993;357
3676812044;40.3467399999991;15.3720799999992;358
3676812044;40.346889999999;15.3720599999991;359
3676812044;40.3469899999989;15.3719999999989;360
3676812044;40.3470799999987;15.3718899999988;361
3676812044;40.3471899999984;15.3717099999986;362
3676812044;40.3472799999983;15.3716299999984;363
3676812044;40.3473899999982;15.3716099999983;364
3676812044;40.3475099999981;15.3716099999982;365
3676812044;40.347659999998;15.3716499999981;366
3676812044;40.3479499999978;15.371779999998;367
3676812044;40.3480499999978;15.371849999998;368
3676812044;40.3480999999976;15.3716999999978;369
3676812044;40.3481899999974;15.3715499999976;370
3676812044;40.3483099999971;15.3713999999974;371
3676812044;40.3489299999961;15.3709199999966;372
3676812044;40.3490199999959;15.3708299999965;373
3676812044;40.3491399999958;15.3707999999963;374
3676812044;40.3492599999957;15.3708299999963;375
3676812044;40.3493899999957;15.3709499999962;376
3676812044;40.3499699999957;15.3716699999962;377
3676812044;40.3502999999956;15.3719899999962;378
3676812044;40.3504499999955;15.3720499999961;379
3676812044;40.3505899999953;15.372009999996;380
3676812044;40.3507199999951;15.3718699999957;381
3676812044;40.3509599999944;15.3714099999952;382
3676812044;40.3511699999936;15.3708599999947;383
3676812044;40.3512899999933;15.3705899999944;384
3676812044;40.351409999993;15.3703999999942;385
3676812044;40.3515399999927;15.370309999994;386
3676812044;40.3517299999925;15.3702599999939;387
3676812044;40.3520899999921;15.3703299999936;388
3676812044;40.3522699999918;15.3702899999934;389
3676812044;40.3524099999913;15.3698599999931;390
3676812044;40.3525599999908;15.3695499999928;391
3676812044;40.3528399999901;15.3691199999923;392
3676812044;40.3529699999896;15.3688299999921;393
3676812044;40.3531099999891;15.3684599999918;394
3676812044;40.3535499999877;15.367559999991;395
3676812044;40.3537099999873;15.3672999999908;396
3676812044;40.3539399999868;15.3671199999905;397
3676812044;40.3540999999865;15.3670399999904;398
3676812044;40.3542199999863;15.3669399999902;399
3676812044;40.3542799999861;15.3668199999902;400
3676812044;40.354359999986;15.3668099999901;401
3676812044;40.3545399999856;15.3666699999899;402
3676812044;40.3549199999847;15.3663299999895;403
3676812044;40.3552399999841;15.3660899999891;404
3676812044;40.3556699999831;15.3657099999887;405
3676812044;40.3564999999811;15.3648799999878;406
3676812044;40.3567199999805;15.3646099999876;407
3676812044;40.3568699999799;15.3642399999874;408
3676812044;40.3571499999787;15.3633399999871;409
3676812044;40.3572699999781;15.3627999999869;410
3676812044;40.3573499999775;15.3622499999868;411
3676812044;40.3573499999772;15.3618799999868;412
3676812044;40.3573199999768;15.3612799999868;413
3676812044;40.357389999976;15.3604899999867;414
3676812044;40.3575099999755;15.3600399999867;415
3676812044;40.357669999975;15.3597099999866;416
3676812044;40.3577699999746;15.3594599999865;417
3676812044;40.3577999999744;15.3592199999865;418
3676812044;40.3577799999743;15.3590199999865;419
3676812044;40.3569999999742;15.3570099999873;420
3676812044;40.3569499999741;15.3567099999873;421
3676812044;40.3570499999735;15.3560299999874;422
3676812044;40.3569899999732;15.3554199999875;423
3676812044;40.3569499999728;15.3546699999877;424
3676812044;40.3569199999727;15.3543999999878;425
3676812044;40.3568599999727;15.3541699999879;426
3676812044;40.3565899999727;15.3534399999882;427
3676812044;40.3564899999727;15.3530799999883;428
3676812044;40.3564399999726;15.3527099999885;429
3676812044;40.3564899999723;15.3523699999885;430
3676812044;40.356589999972;15.3521399999885;431
3676812044;40.3571399999706;15.3513699999885;432
3676812044;40.3572799999702;15.3511499999885;433
3676812044;40.3573799999699;15.3508699999885;434
3676812044;40.3574999999694;15.3503999999887;435
3676812044;40.3575499999689;15.3495499999889;436
3676812044;40.3575499999688;15.349359999989;437
3676812044;40.3575199999687;15.3490699999891;438
3676812044;40.3573299999687;15.3482199999896;439
3676812044;40.3572399999686;15.3475799999899;440
3676812044;40.3571599999686;15.3472199999901;441
3676812044;40.3571599999684;15.3469599999902;442
3676812044;40.3572099999681;15.3464299999904;443
3676812044;40.3572799999679;15.3461699999905;444
3676812044;40.3575799999671;15.3455199999907;445
3676812044;40.3581099999656;15.3442699999911;446
3676812044;40.3582899999651;15.3438899999913;447
3676812044;40.358309999965;15.3437899999913;448
3676812044;40.3583799999648;15.3436299999914;449
3676812044;40.3584299999646;15.3433899999915;450
3676812044;40.3584099999647;15.3432799999916;451
3676812044;40.3586099999641;15.3428299999917;452
3676812044;40.3591799999626;15.3417099999922;453
3676812044;40.359389999962;15.3410499999925;454
3676812044;40.3595099999617;15.3408499999926;455
3676812044;40.3596999999612;15.3406799999927;456
3676812044;40.3599199999607;15.3404499999928;457
3676812044;40.3601099999603;15.3401899999929;458
3676812044;40.36020999996;15.339989999993;459
3676812044;40.3603699999595;15.3394499999933;460
3676812044;40.360529999959;15.3388099999937;461
3676812044;40.360909999958;15.3379899999942;462
3676812044;40.3611499999574;15.3377799999943;463
3676812044;40.361349999957;15.3376599999943;464
3676812044;40.3615299999566;15.3376099999943;465
3676812044;40.3618499999558;15.3375699999943;466
3676812044;40.3624799999543;15.3371399999945;467
3676812044;40.362599999954;15.3369999999945;468
3676812044;40.3627699999536;15.3366799999947;469
3676812044;40.3628799999533;15.3365399999948;470
3676812044;40.362979999953;15.3364599999949;471
3676812044;40.3630499999529;15.3364799999948;472
3676812044;40.363409999952;15.3364399999948;473
3676812044;40.3635299999517;15.3364099999948;474
3676812044;40.3640099999505;15.335999999995;475
3676812044;40.3640499999504;15.335989999995;476
3676812044;40.3641199999502;15.335989999995;477
3676812044;40.3642799999499;15.336049999995;478
3676812044;40.364649999949;15.3360799999949;479
3676812044;40.3648299999485;15.3360599999949;480
3676812044;40.3650999999478;15.3359799999949;481
3676812044;40.3655599999466;15.335789999995;482
3676812044;40.3656699999464;15.335779999995;483
3676812044;40.365809999946;15.3358099999949;484
3676812044;40.3660899999453;15.3359499999947;485
3676812044;40.3663199999447;15.3360999999946;486
3676812044;40.3665799999441;15.3363099999944;487
3676812044;40.3669099999433;15.3367999999939;488
3676812044;40.367029999943;15.3369199999938;489
3676812044;40.3671199999428;15.3369599999937;490
3676812044;40.3672499999425;15.3369399999937;491
3676812044;40.3673099999423;15.3368899999937;492
3676812044;40.3673042746994;15.3368713929158;493
3676812044;40.3673099999423;15.3368899999937;494
3676812044;40.3672499999425;15.3369399999937;495
3676812044;40.3671199999428;15.3369599999937;496
3676812044;40.367029999943;15.3369199999938;497
3676812044;40.3669099999433;15.3367999999939;498
3676812044;40.3665799999441;15.3363099999944;499
3676812044;40.3663199999447;15.3360999999946;500
3676812044;40.3660899999453;15.3359499999947;501
3676812044;40.365809999946;15.3358099999949;502
3676812044;40.3656699999464;15.335779999995;503
3676812044;40.3655599999466;15.335789999995;504
3676812044;40.3650999999478;15.3359799999949;505
3676812044;40.3648299999485;15.3360599999949;506
3676812044;40.364649999949;15.3360799999949;507
3676812044;40.3642799999499;15.336049999995;508
3676812044;40.3641199999502;15.335989999995;509
3676812044;40.3640499999504;15.335989999995;510
3676812044;40.3640099999505;15.335999999995;511
3676812044;40.3635299999517;15.3364099999948;512
3676812044;40.363409999952;15.3364399999948;513
3676812044;40.3630499999529;15.3364799999948;514
3676812044;40.362979999953;15.3364599999949;515
3676812044;40.3628799999533;15.3365399999948;516
3676812044;40.3627699999536;15.3366799999947;517
3676812044;40.362599999954;15.3369999999945;518
3676812044;40.3624799999543;15.3371399999945;519
3676812044;40.3618499999558;15.3375699999943;520
3676812044;40.3615299999566;15.3376099999943;521
3676812044;40.361349999957;15.3376599999943;522
3676812044;40.3611499999574;15.3377799999943;523
3676812044;40.360909999958;15.3379899999942;524
3676812044;40.360529999959;15.3388099999937;525
3676812044;40.3603699999595;15.3394499999933;526
3676812044;40.36020999996;15.339989999993;527
3676812044;40.3601099999603;15.3401899999929;528
3676812044;40.3599199999607;15.3404499999928;529
3676812044;40.3596999999612;15.3406799999927;530
3676812044;40.3595099999617;15.3408499999926;531
3676812044;40.359389999962;15.3410499999925;532
3676812044;40.3591799999626;15.3417099999922;533
3676812044;40.3586099999641;15.3428299999917;534
3676812044;40.3584099999647;15.3432799999916;535
3676812044;40.3581299999653;15.3435499999915;536
3676812044;40.3578499999659;15.3436599999915;537
3676812044;40.3575499999664;15.3436499999916;538
3676812044;40.357249999967;15.3435499999918;539
3676812044;40.3570499999673;15.3434399999919;540
3676812044;40.3569299999675;15.3434299999919;541
3676812044;40.3567999999678;15.3435799999919;542
3676812044;40.3565399999685;15.3439899999918;543
3676812044;40.3563499999689;15.3441799999918;544
3676812044;40.3555599999704;15.3445699999918;545
3676812044;40.3554599999706;15.3446399999918;546
3676812044;40.3553999999708;15.3447299999918;547
3676812044;40.3553699999708;15.3448499999918;548
3676812044;40.3553899999715;15.346559999991;549
3676812044;40.3554199999717;15.3474099999907;550
3676812044;40.355399999972;15.3479099999905;551
3676812044;40.3553599999721;15.3480199999905;552
3676812044;40.3552999999722;15.3480899999905;553
3676812044;40.3551599999725;15.3481099999905;554
3676812044;40.3549099999729;15.3480299999907;555
3676812044;40.3546999999732;15.3478499999908;556
3676812044;40.3543099999734;15.3469399999913;557
3676812044;40.3542299999735;15.3468599999914;558
3676812044;40.3541099999737;15.3467999999914;559
3676812044;40.3539999999739;15.3466899999915;560
3676812044;40.353899999974;15.3466299999916;561
3676812044;40.3538399999741;15.3465699999916;562
3676812044;40.3537599999741;15.3462199999918;563
3676812044;40.353709999974;15.3459199999919;564
3676812044;40.353689999974;15.345619999992;565
3676812044;40.3537399999738;15.345519999992;566
3676812044;40.3538399999736;15.3454099999921;567
3676812044;40.3539799999734;15.345339999992;568
3676812044;40.354159999973;15.3450999999921;569
3676812044;40.3543899999724;15.3446299999922;570
3676812044;40.354569999972;15.3443399999923;571
3676812044;40.3546599999718;15.3441599999923;572
3676812044;40.3546799999717;15.3439699999924;573
3676812044;40.3545699999719;15.3438199999925;574
3676812044;40.3544499999721;15.3437599999926;575
3676812044;40.3540699999726;15.3436399999927;576
3676812044;40.3539499999728;15.3436399999928;577
3676812044;40.3537899999731;15.3436099999928;578
3676812044;40.3532399999739;15.3432199999932;579
3676812044;40.353119999974;15.3431699999932;580
3676812044;40.3528799999744;15.3431499999933;581
3676812044;40.3525799999749;15.3430299999934;582
3676812044;40.3525399999749;15.3429799999935;583
3676812044;40.3525199999749;15.3428799999935;584
3676812044;40.3525299999749;15.3427799999935;585
3676812044;40.3526599999746;15.3424199999937;586
3676812044;40.3526899999745;15.3422199999937;587
3676812044;40.3526899999744;15.3420899999938;588
3676812044;40.3526599999744;15.3418599999939;589
3676812044;40.3526699999743;15.341739999994;590
3676812044;40.3527199999742;15.341589999994;591
3676812044;40.3529799999737;15.3410999999942;592
3676812044;40.3531999999733;15.3408199999942;593
3676812044;40.3534099999729;15.3405799999943;594
3676812044;40.3535299999726;15.3404799999943;595
3676812044;40.3538099999721;15.3403499999943;596
3676812044;40.3538399999721;15.3403099999943;597
3676812044;40.3538399999721;15.3402499999944;598
3676812044;40.3538199999721;15.3401999999944;599
3676812044;40.3537299999722;15.3401499999944;600
3676812044;40.3535199999726;15.3401399999945;601
3676812044;40.3525399999742;15.3403799999946;602
3676812044;40.3523199999746;15.3404899999946;603
3676812044;40.3520399999751;15.3406799999946;604
3676812044;40.3518699999754;15.3408199999946;605
3676812044;40.3517199999757;15.3410899999945;606
3676812044;40.3515399999761;15.3418599999942;607
3676812044;40.3514899999762;15.3419299999942;608
3676812044;40.3514199999764;15.3419799999942;609
3676812044;40.3512599999766;15.3420199999942;610
3676812044;40.3511399999768;15.3420799999942;611
3676812044;40.3509399999772;15.3424399999941;612
3676812044;40.3507499999775;15.3426999999941;613
3676812044;40.3502799999783;15.343089999994;614
3676812044;40.3502599999784;15.343159999994;615
3676812044;40.3495799999793;15.3429599999943;616
3676812044;40.348329999981;15.3429299999946;617
3676812044;40.3476199999819;15.3428399999948;618
3676812044;40.3471499999824;15.342719999995;619
3676812044;40.3469999999826;15.342709999995;620
3676812044;40.3461499999836;15.3427599999952;621
3676812044;40.345809999984;15.3427499999953;622
3676812044;40.3453199999846;15.3426299999954;623
3676812044;40.3447799999851;15.3424299999956;624
3676812044;40.3445699999853;15.3423099999957;625
3676812044;40.3444099999855;15.3421299999958;626
3676812044;40.3442799999856;15.3418999999959;627
3676812044;40.3437999999859;15.3412399999961;628
3676812044;40.3430499999866;15.3406799999964;629
3676812044;40.3429099999867;15.3405999999965;630
3676812044;40.3428199999868;15.3405699999965;631
3676812044;40.342689999987;15.3405599999965;632
3676812044;40.3423299999873;15.3404499999966;633
3676812044;40.3419599999877;15.3403699999967;634
3676812044;40.3411199999884;15.3400599999969;635
3676812044;40.3406999999888;15.339959999997;636
3676812044;40.3403699999891;15.3397799999971;637
3676812044;40.3394099999897;15.3388799999975;638
3676812044;40.3392899999898;15.3387299999976;639
3676812044;40.3391799999899;15.3387299999976;640
3676812044;40.3387399999902;15.3383899999977;641
3676812044;40.3387399999902;15.3382599999977;642
3676812044;40.3386899999903;15.3381499999978;643
3676812044;40.3385799999903;15.3380499999978;644
3676812044;40.3383499999907;15.3391199999976;645
3676812044;40.3382799999908;15.3393899999976;646
3676812044;40.3381899999909;15.3394999999975;647
3676812044;40.338009999991;15.3396599999975;648
3676812044;40.3378499999912;15.3397699999975;649
3676812044;40.3374999999914;15.3398399999976;650
3676812044;40.3373799999916;15.3399099999976;651
3676812044;40.3372891282907;15.3399926106638;652
3676812044;40.3373799999916;15.3399099999976;653
3676812044;40.3374999999914;15.3398399999976;654
3676812044;40.3378499999912;15.3397699999975;655
3676812044;40.338009999991;15.3396599999975;656
3676812044;40.3381899999909;15.3394999999975;657
3676812044;40.3382799999908;15.3393899999976;658
3676812044;40.3383499999907;15.3391199999976;659
3676812044;40.3386399999902;15.3377699999979;660
3676812044;40.3387099999902;15.3376299999979;661
3676812044;40.3386099999902;15.337409999998;662
3676812044;40.3385699999902;15.337149999998;663
3676812044;40.3385599999902;15.3368599999981;664
3676812044;40.3386399999901;15.3364399999982;665
3676812044;40.3388399999899;15.3361499999983;666
3676812044;40.3393199999894;15.3353799999984;667
3676812044;40.3394399999893;15.3351199999985;668
3676812044;40.3395499999891;15.3347899999985;669
3676812044;40.3396099999891;15.3345499999986;670
3676812044;40.3396099999891;15.3344299999986;671
3676812044;40.3395699999891;15.3343799999987;672
3676812044;40.3394799999892;15.3343599999987;673
3676812044;40.3393099999893;15.3344199999987;674
3676812044;40.3390799999895;15.3344699999987;675
3676812044;40.3388899999897;15.3344699999987;676
3676812044;40.3386399999899;15.3345199999987;677
3676812044;40.3383599999901;15.3345399999987;678
3676812044;40.3381199999903;15.3345099999987;679
3676812044;40.3379599999905;15.3344499999988;680
3676812044;40.3377099999907;15.3342999999988;681
3676812044;40.3375599999908;15.3341399999989;682
3676812044;40.3373199999909;15.333689999999;683
3676812044;40.337209999991;15.333569999999;684
3676812044;40.3368099999913;15.3333499999991;685
3676812044;40.3365899999914;15.3332899999991;686
3676812044;40.3361599999917;15.3330699999992;687
3676812044;40.3360899999918;15.3329799999992;688
3676812044;40.3359399999919;15.3326899999993;689
3676812044;40.335799999992;15.3324799999994;690
3676812044;40.3356399999921;15.3322899999994;691
3676812044;40.3356199999921;15.3322099999994;692
3676812044;40.3356299999921;15.3321599999994;693
3676812044;40.3356999999921;15.3321399999994;694
3676812044;40.335749999992;15.3321699999994;695
3676812044;40.3358599999919;15.3323399999994;696
3676812044;40.3360299999918;15.3325499999993;697
3676812044;40.3362299999917;15.3327499999993;698
3676812044;40.3364399999915;15.3327899999993;699
3676812044;40.3366699999914;15.3327999999992;700
3676812044;40.3369899999911;15.3328499999992;701
3676812044;40.3375999999907;15.3333599999991;702
3676812044;40.3377799999905;15.333459999999;703
3676812044;40.3378599999905;15.333459999999;704
3676812044;40.3378999999904;15.333399999999;705
3676812044;40.3378999999904;15.3333199999991;706
3676812044;40.3378399999905;15.3332699999991;707
3676812044;40.3375999999907;15.3331799999991;708
3676812044;40.3375199999907;15.3330999999991;709
3676812044;40.3374299999908;15.3329699999992;710
3676812044;40.337189999991;15.3325099999993;711
3676812044;40.337049999991;15.3323499999993;712
3676812044;40.3366299999914;15.3320799999994;713
3676812044;40.3364099999915;15.3317499999995;714
3676812044;40.3363099999916;15.3316599999995;715
3676812044;40.3361299999917;15.3315799999996;716
3676812044;40.3360799999918;15.3315099999996;717
3676812044;40.3361099999917;15.3313999999996;718
3676812044;40.3361599999917;15.3313899999996;719
3676812044;40.3364399999915;15.3315299999996;720
3676812044;40.3365399999914;15.3315999999995;721
3676812044;40.3366999999913;15.3318299999995;722
3676812044;40.3368299999912;15.3319199999995;723
3676812044;40.3374099999908;15.3320899999994;724
3676812044;40.3375199999907;15.3321999999994;725
3676812044;40.3377299999905;15.3325999999993;726
3676812044;40.3377899999905;15.3326699999992;727
3676812044;40.3378499999904;15.3326499999992;728
3676812044;40.3378699999904;15.3325999999992;729
3676812044;40.3378699999904;15.3325199999993;730
3676812044;40.3377299999905;15.3322899999993;731
3676812044;40.3376999999905;15.3320899999994;732
3676812044;40.3376599999906;15.3319499999994;733
3676812044;40.3376099999906;15.3318699999994;734
3676812044;40.3372699999909;15.3317599999995;735
3676812044;40.3371899999909;15.3316899999995;736
3676812044;40.337089999991;15.3315499999995;737
3676812044;40.3370099999911;15.3313599999996;738
3676812044;40.3369099999911;15.3309799999997;739
3676812044;40.3368199999912;15.3307699999998;740
3676812044;40.3367499999912;15.3306599999998;741
3676812044;40.3366999999913;15.3306099999998;742
3676812044;40.3366399999913;15.3305799999998;743
3676812044;40.3362599999916;15.3305799999998;744
3676812044;40.3361899999916;15.3305399999998;745
3676812044;40.3360499999918;15.3303899999999;746
3676812044;40.3360099999918;15.3303199999999;747
3676812044;40.3360099999918;15.3302399999999;748
3676812044;40.3360299999918;15.3301699999999;749
3676812044;40.3362399999916;15.32991;750
3676812044;40.3362799999916;15.32984;751
3676812044;40.3362999999916;15.32974;752
3676812044;40.3362899999916;15.3291500000002;753
3676812044;40.3363899999915;15.3279600000004;754
3676812044;40.3363799999915;15.3275100000006;755
3676812044;40.3363299999916;15.3273600000006;756
3676812044;40.3361199999918;15.3268700000007;757
3676812044;40.3360699999918;15.3266500000007;758
3676812044;40.3359599999919;15.3263100000008;759
3676812044;40.335869999992;15.3260900000009;760
3676812044;40.3356099999922;15.325650000001;761
3676812044;40.3355699999922;15.325540000001;762
3676812044;40.3355599999923;15.325460000001;763
3676812044;40.3356099999922;15.325350000001;764
3676812044;40.3357099999921;15.3252300000011;765
3676812044;40.3357199999922;15.3251200000011;766
3676812044;40.3356999999922;15.3248000000012;767
3676812044;40.3357199999922;15.3245300000012;768
3676812044;40.3357199999923;15.3235700000014;769
3676812044;40.3357699999923;15.3233000000015;770
3676812044;40.3358299999922;15.3232400000015;771
3676812044;40.3358899999922;15.3232100000015;772
3676812044;40.3360399999921;15.3231400000015;773
3676812044;40.336149999992;15.3231200000016;774
3676812044;40.3362999999919;15.3231400000016;775
3676812044;40.3368299999915;15.3233000000016;776
3676812044;40.3369499999914;15.3233100000016;777
3676812044;40.3369999999914;15.3232400000016;778
3676812044;40.3370199999914;15.3231600000016;779
3676812044;40.3370399999915;15.3221200000019;780
3676812044;40.3370299999915;15.3217600000019;781
3676812044;40.3369399999917;15.321320000002;782
3676812044;40.3369299999917;15.3211400000021;783
3676812044;40.3369799999917;15.3208700000021;784
3676812044;40.3369999999917;15.3204700000022;785
3676812044;40.3369799999918;15.3201800000023;786
3676812044;40.3369099999919;15.3197700000023;787
3676812044;40.336799999992;15.3195600000024;788
3676812044;40.3366999999921;15.3192000000024;789
3676812044;40.3366099999924;15.3183000000025;790
3676812044;40.3364999999925;15.3180300000026;791
3676812044;40.3363599999926;15.3178500000026;792
3676812044;40.3362299999927;15.3177600000026;793
3676812044;40.3360499999929;15.3177100000025;794
3676812044;40.335799999993;15.3176900000025;795
3676812044;40.3356699999931;15.3177500000025;796
3676812044;40.3354999999932;15.3179100000024;797
3676812044;40.3353999999933;15.3179300000024;798
3676812044;40.3353599999933;15.3179100000024;799
3676812044;40.3353199999933;15.3178400000024;800
3676812044;40.3353099999934;15.3175500000024;801
3676812044;40.3352699999935;15.3173800000024;802
3676812044;40.3351699999935;15.3172900000024;803
3676812044;40.3349999999937;15.3172400000024;804
3676812044;40.3347399999938;15.3172300000024;805
3676812044;40.334479999994;15.3171100000023;806
3676812044;40.3342899999942;15.3169300000023;807
3676812044;40.3341799999943;15.3166700000023;808
3676812044;40.3341399999943;15.3164800000023;809
3676812044;40.3341499999944;15.3163400000024;810
3676812044;40.3341899999944;15.3162200000024;811
3676812044;40.3344399999943;15.3158100000025;812
3676812044;40.3344699999943;15.3157100000025;813
3676812044;40.3344899999943;15.3154600000025;814
3676812044;40.3344799999944;15.3151600000025;815
3676812044;40.3344199999945;15.3148300000025;816
3676812044;40.3343199999946;15.3146200000025;817
3676812044;40.3342999999946;15.3145300000025;818
3676812044;40.3343099999946;15.3144600000025;819
3676812044;40.3343299999947;15.3144300000025;820
3676812044;40.3343999999946;15.3144200000026;821
3676812044;40.3344599999946;15.3144500000026;822
3676812044;40.3345799999944;15.3146500000026;823
3676812044;40.3346899999944;15.3147800000026;824
3676812044;40.3348099999943;15.3148500000026;825
3676812044;40.3349399999942;15.3148500000026;826
3676812044;40.3350599999941;15.3148200000027;827
3676812044;40.3354499999939;15.3145300000028;828
3676812044;40.3355699999939;15.3144800000028;829
3676812044;40.3356999999938;15.3144800000028;830
3676812044;40.3360799999935;15.3146000000029;831
3676812044;40.3361499999934;15.3146000000029;832
3676812044;40.3361899999934;15.3145800000029;833
3676812044;40.3362099999934;15.3145200000029;834
3676812044;40.3361899999934;15.3144200000029;835
3676812044;40.3358899999937;15.3142100000029;836
3676812044;40.3356099999939;15.3140900000028;837
3676812044;40.3352899999942;15.3139800000028;838
3676812044;40.3351499999943;15.3138800000028;839
3676812044;40.3348199999946;15.3135200000027;840
3676812044;40.3347399999946;15.3133800000027;841
3676812044;40.3346099999949;15.3128100000027;842
3676812044;40.3345999999949;15.3125000000027;843
3676812044;40.3344599999953;15.3114900000027;844
3676812044;40.3344699999953;15.3113100000027;845
3676812044;40.3346699999954;15.3107800000027;846
3676812044;40.3347299999955;15.3103100000027;847
3676812044;40.3346999999956;15.3100600000027;848
3676812044;40.3348499999958;15.3087200000027;849
3676812044;40.334799999996;15.3084100000026;850
3676812044;40.3346499999963;15.3077400000025;851
3676812044;40.3346299999963;15.3075600000025;852
3676812044;40.3346299999964;15.3073300000025;853
3676812044;40.3346599999964;15.3072000000025;854
3676812044;40.3347599999964;15.3070600000025;855
3676812044;40.3354799999962;15.3065600000026;856
3676812044;40.3355099999962;15.3065100000026;857
3676812044;40.3355199999962;15.3064300000026;858
3676812044;40.3355099999963;15.3063100000026;859
3676812044;40.3354799999963;15.3062100000026;860
3676812044;40.3353699999964;15.3060500000025;861
3676812044;40.3352799999965;15.3059600000025;862
3676812044;40.3349699999967;15.3058600000024;863
3676812044;40.3346599999969;15.3058300000023;864
3676812044;40.334479999997;15.3058500000022;865
3676812044;40.3342099999971;15.3060200000021;866
3676812044;40.3340599999972;15.3060500000021;867
3676812044;40.3336999999974;15.306010000002;868
3676812044;40.3336399999974;15.305950000002;869
3676812044;40.3335099999976;15.3055600000018;870
3676812044;40.3334399999977;15.3054200000018;871
3676812044;40.3332999999978;15.3053200000017;872
3676812044;40.3331299999979;15.3052400000017;873
3676812044;40.333049999998;15.3051300000016;874
3676812044;40.333029999998;15.3050400000016;875
3676812044;40.3330499999982;15.3045200000015;876
3676812044;40.3330299999983;15.3043300000014;877
3676812044;40.3329799999984;15.3041100000014;878
3676812044;40.3327599999986;15.3037300000012;879
3676812044;40.3327099999987;15.3036100000011;880
3676812044;40.3327699999987;15.3032800000011;881
3676812044;40.3328399999988;15.303090000001;882
3676812044;40.3329699999988;15.3029400000011;883
3676812044;40.3335899999987;15.3024100000011;884
3676812044;40.3337299999987;15.3022500000011;885
3676812044;40.3338699999987;15.3020500000011;886
3676812044;40.3342199999988;15.3014800000011;887
3676812044;40.3342599999988;15.3014000000011;888
3676812044;40.334179999999;15.3010200000009;889
3676812044;40.3341799999991;15.3008900000009;890
3676812044;40.3342299999991;15.3007100000008;891
3676812044;40.3343999999992;15.3003900000008;892
3676812044;40.3344099999992;15.3003100000007;893
3676812044;40.3343899999992;15.3002400000007;894
3676812044;40.3341099999993;15.3003800000007;895
3676812044;40.3340099999993;15.3004000000006;896
3676812044;40.3339099999994;15.3003700000006;897
3676812044;40.3337499999995;15.3002700000005;898
3676812044;40.3333299999999;15.2998100000001;899
3676812044;40.3332099999999;15.2998100000001;900
3676812044;40.3331;15.29971;901
3676812044;40.3327500000004;15.2990899999996;902
3676812044;40.3325300000007;15.2986599999993;903
3676812044;40.332200000001;15.2980799999989;904
3676812044;40.3319400000013;15.2975699999986;905
3676812044;40.3318100000015;15.2973499999984;906
3676812044;40.3317600000015;15.2973099999983;907
3676812044;40.3315100000016;15.2972399999982;908
3676812044;40.3311700000017;15.297179999998;909
3676812044;40.3307600000019;15.2970699999978;910
3676812044;40.330660000002;15.2969399999977;911
3676812044;40.3305600000021;15.2966999999975;912
3676812044;40.3298400000029;15.2951799999963;913
3676812044;40.3297500000031;15.294749999996;914
3676812044;40.3296100000036;15.2937899999953;915
3676812044;40.3295100000038;15.2932899999949;916
3676812044;40.329320000004;15.2930199999946;917
3676812044;40.3291700000041;15.2928899999944;918
3676812044;40.3290100000041;15.2928199999943;919
3676812044;40.3286400000043;15.292579999994;920
3676812044;40.3285000000044;15.2924399999938;921
3676812044;40.3281700000046;15.2919299999933;922
3676812044;40.3278400000048;15.2916899999929;923
3676812044;40.3277500000048;15.2915899999928;924
3676812044;40.3277000000049;15.2913699999926;925
3676812044;40.3276900000051;15.2909899999923;926
3676812044;40.3275600000053;15.2905099999918;927
3676812044;40.3270800000057;15.2897399999909;928
3676812044;40.3269600000058;15.2895999999907;929
3676812044;40.3269100000058;15.2895599999906;930
3676812044;40.3268000000058;15.2895599999906;931
3676812044;40.3266600000058;15.2896399999906;932
3676812044;40.3264800000057;15.2897599999907;933
3676812044;40.3264200000056;15.2899299999908;934
3676812044;40.3263600000049;15.2917699999924;935
3676812044;40.3262800000043;15.2932199999936;936
3676812044;40.3262500000042;15.2934399999937;937
3676812044;40.3262000000041;15.2935799999938;938
3676812044;40.3260700000041;15.2937599999939;939
3676812044;40.3255500000038;15.2944299999942;940
3676812044;40.3254600000038;15.2944799999942;941
3676812044;40.3253700000038;15.2944799999942;942
3676812044;40.3253200000039;15.2944399999941;943
3676812044;40.3252400000039;15.294369999994;944
3676812044;40.325100000004;15.2941799999939;945
3676812044;40.3242700000042;15.2937199999932;946
3676812044;40.3241500000042;15.2936199999931;947
3676812044;40.3238300000044;15.2931099999926;948
3676812044;40.3231700000047;15.2921399999916;949
3676812044;40.3226500000051;15.2909799999904;950
3676812044;40.3223700000051;15.2908199999901;951
3676812044;40.3221700000052;15.29073999999;952
3676812044;40.3220400000052;15.2907299999899;953
3676812044;40.3215900000051;15.2908299999899;954
3676812044;40.321210000005;15.2909699999899;955
3676812044;40.3210800000049;15.2910499999899;956
3676812044;40.3210200000049;15.29114999999;957
3676812044;40.3205100000042;15.2932699999917;958
3676812044;40.3204300000041;15.2933499999918;959
3676812044;40.3203100000041;15.2933899999918;960
3676812044;40.3202200000041;15.2933699999917;961
3676812044;40.3201400000041;15.2933099999916;962
3676812044;40.3200000000042;15.2931099999914;963
3676812044;40.3200000000042;15.2930099999914;964
3676812044;40.3201600000045;15.2922499999907;965
3676812044;40.3202000000046;15.2919299999905;966
3676812044;40.3202000000046;15.2917099999903;967
3676812044;40.3201700000047;15.2914799999901;968
3676812044;40.3200900000048;15.2912799999898;969
3676812044;40.3200200000048;15.2911899999897;970
3676812044;40.3198700000047;15.2911299999896;971
3676812044;40.3197900000048;15.2911499999896;972
3676812044;40.3196800000047;15.2912799999897;973
3676812044;40.3195400000046;15.2915199999899;974
3676812044;40.3194600000046;15.29158999999;975
3676812044;40.3193600000045;15.29161999999;976
3676812044;40.3186200000045;15.2914899999896;977
3676812044;40.3184300000045;15.2914299999895;978
3676812044;40.3177800000044;15.2911399999891;979
3676812044;40.3158500000043;15.2901599999877;980
3676812044;40.3156600000043;15.2900899999875;981
3676812044;40.3154900000042;15.2900899999875;982
3676812044;40.314720000004;15.2902399999875;983
3676812044;40.3145600000039;15.2902899999875;984
3676812044;40.3145000000039;15.2903399999875;985
3676812044;40.3144100000039;15.2904799999877;986
3676812044;40.3138900000035;15.2914299999885;987
3676812044;40.3135300000033;15.292009999989;988
3676812044;40.3133600000032;15.2923299999892;989
3676812044;40.3132800000032;15.2925899999895;990
3676812044;40.3132700000031;15.2927399999896;991
3676812044;40.3132900000031;15.2928399999897;992
3676812044;40.3133600000031;15.2929399999898;993
3676812044;40.3137200000032;15.2932099999901;994
3676812044;40.3138500000031;15.2933299999902;995
3676812044;40.3139000000032;15.2934499999903;996
3676812044;40.3139400000031;15.2936499999905;997
3676812044;40.313790000003;15.2941599999909;998
3676812044;40.3137200000029;15.294309999991;999
3676812044;40.3133600000028;15.2945799999912;1000
3676812044;40.3128900000027;15.2948499999913;1001
3676812044;40.3125700000026;15.2951499999915;1002
3676812044;40.3122400000024;15.295799999992;1003
3676812044;40.3121500000024;15.2959499999921;1004
3676812044;40.3117900000023;15.2962299999922;1005
3676812044;40.3116300000022;15.2964199999923;1006
3676812044;40.3115600000021;15.2966999999925;1007
3676812044;40.3115300000021;15.2970599999928;1008
3676812044;40.311450000002;15.2976499999932;1009
3676812044;40.311390000002;15.2977999999933;1010
3676812044;40.3112300000019;15.2979999999934;1011
3676812044;40.3102100000016;15.299119999994;1012
3676812044;40.3101300000016;15.299179999994;1013
3676812044;40.3098900000015;15.2992999999941;1014
3676812044;40.3094200000014;15.2994599999941;1015
3676812044;40.3092100000014;15.2994099999941;1016
3676812044;40.3086700000013;15.2991599999938;1017
3676812044;40.3076200000012;15.2985499999934;1018
3676812044;40.306830000001;15.2981699999931;1019
3676812044;40.306590000001;15.298109999993;1020
3676812044;40.3062800000009;15.298109999993;1021
3676812044;40.3060400000009;15.298179999993;1022
3676812044;40.3057900000008;15.2982999999931;1023
3676812044;40.3054700000007;15.2986499999933;1024
3676812044;40.3052800000007;15.2986499999933;1025
3676812044;40.3048500000006;15.2983999999931;1026
3676812044;40.3043700000005;15.2980399999929;1027
3676812044;40.3043500000005;15.2979499999928;1028
3676812044;40.3043400000005;15.2974899999925;1029
3676812044;40.3043000000005;15.2973099999924;1030
3676812044;40.3041000000005;15.2969399999921;1031
3676812044;40.3040800000005;15.296809999992;1032
3676812044;40.3041100000005;15.2965499999918;1033
3676812044;40.3041900000005;15.2962499999916;1034
3676812044;40.3042900000006;15.2961499999915;1035
3676812044;40.3054200000008;15.2956299999912;1036
3676812044;40.3056900000009;15.295459999991;1037
3676812044;40.3057500000009;15.295389999991;1038
3676812044;40.305820000001;15.2951199999908;1039
3676812044;40.305870000001;15.2945399999903;1040
3676812044;40.3059400000011;15.2939999999899;1041
3676812044;40.3060100000011;15.2937899999897;1042
3676812044;40.3062400000012;15.2934399999894;1043
3676812044;40.3063200000012;15.2932899999893;1044
3676812044;40.3063400000012;15.293049999989;1045
3676812044;40.3063200000012;15.2929199999889;1046
3676812044;40.3060200000012;15.2924799999885;1047
3676812044;40.3056400000011;15.2920899999881;1048
3676812044;40.3054300000011;15.2918499999879;1049
3676812044;40.305310000001;15.2917399999878;1050
3676812044;40.305140000001;15.2916599999877;1051
3676812044;40.3048200000009;15.2916399999876;1052
3676812044;40.3047000000008;15.2915699999876;1053
3676812044;40.3046000000008;15.2914699999875;1054
3676812044;40.3045200000008;15.2913299999873;1055
3676812044;40.3044600000008;15.2911399999871;1056
3676812044;40.3044000000008;15.2908299999868;1057
3676812044;40.3043300000007;15.2907199999867;1058
3676812044;40.3040400000006;15.2905099999865;1059
3676812044;40.3039200000006;15.2903999999864;1060
3676812044;40.3036500000005;15.290059999986;1061
3676812044;40.3030100000003;15.2889599999848;1062
3676812044;40.3027000000002;15.2885099999843;1063
3676812044;40.3025800000002;15.2884199999842;1064
3676812044;40.3024500000001;15.2883999999842;1065
3676812044;40.3018799999999;15.2884999999843;1066
3676812044;40.3016299999998;15.2885799999844;1067
3676812044;40.3011799999996;15.2888299999846;1068
3676812044;40.3010399999996;15.2889699999848;1069
3676812044;40.3009099999995;15.2892299999851;1070
3676812044;40.3007099999995;15.2895199999854;1071
3676812044;40.2999999999992;15.2896699999856;1072
3676812044;40.2994799999991;15.2898799999858;1073
3676812044;40.2991199999989;15.2901399999861;1074
3676812044;40.2989999999989;15.2901399999862;1075
3676812044;40.2985899999988;15.2900799999861;1076
3676812044;40.2984499999987;15.2900899999861;1077
3676812044;40.2983499999987;15.2901399999862;1078
3676812044;40.2975899999984;15.2906799999868;1079
3676812044;40.2971499999983;15.2910999999873;1080
3676812044;40.2969199999983;15.2912799999875;1081
3676812044;40.2968299999983;15.2913299999875;1082
3676812044;40.2967499999982;15.2913299999875;1083
3676812044;40.2966799999982;15.2912599999875;1084
3676812044;40.2965199999981;15.290839999987;1085
3676812044;40.296389999998;15.2906099999868;1086
3676812044;40.296179999998;15.2903099999865;1087
3676812044;40.2957599999978;15.2900399999863;1088
3676812044;40.2956799999977;15.2899499999862;1089
3676812044;40.2956199999977;15.2898199999861;1090
3676812044;40.2956099999977;15.2896499999859;1091
3676812044;40.2956699999977;15.2894799999857;1092
3676812044;40.2958899999977;15.2891799999854;1093
3676812044;40.2959799999978;15.2891399999853;1094
3676812044;40.2962599999979;15.2891099999852;1095
3676812044;40.2964199999979;15.2890199999851;1096
3676812044;40.2965699999979;15.2887399999848;1097
3676812044;40.2966799999979;15.2883499999843;1098
3676812044;40.2966999999979;15.2880999999841;1099
3676812044;40.2966199999979;15.2878599999838;1100
3676812044;40.2964399999977;15.2874299999833;1101
3676812044;40.2964399999977;15.287199999983;1102
3676812044;40.2964699999977;15.2869899999828;1103
3676812044;40.2965099999977;15.2868399999826;1104
3676812044;40.2964799999977;15.2866299999823;1105
3676812044;40.2963499999976;15.286359999982;1106
3676812044;40.2962399999975;15.2861899999818;1107
3676812044;40.2960999999975;15.2860999999817;1108
3676812044;40.2959899999974;15.2860699999817;1109
3676812044;40.2957499999973;15.2860699999817;1110
3676812044;40.2956599999973;15.2859199999815;1111
3676812044;40.2956599999972;15.2857699999813;1112
3676812044;40.2956799999972;15.285519999981;1113
3676812044;40.2958099999972;15.28475999998;1114
3676812044;40.2958899999972;15.2846199999798;1115
3676812044;40.2960599999972;15.2844799999796;1116
3676812044;40.2961699999973;15.2843499999794;1117
3676812044;40.2962299999973;15.2842399999792;1118
3676812044;40.2962499999973;15.2838999999787;1119
3676812044;40.2963199999973;15.2837699999785;1120
3676812044;40.2964499999973;15.2835999999783;1121
3676812044;40.2966299999974;15.283429999978;1122
3676812044;40.2967599999974;15.2831899999777;1123
3676812044;40.2968899999974;15.2827999999771;1124
3676812044;40.2968899999974;15.2826599999769;1125
3676812044;40.2968599999974;15.2825699999767;1126
3676812044;40.2967899999973;15.2824999999766;1127
3676812044;40.2962699999971;15.2821899999762;1128
3676812044;40.296129999997;15.282049999976;1129
3676812044;40.2959999999969;15.2818599999758;1130
3676812044;40.2958699999968;15.2815399999753;1131
3676812044;40.2957899999967;15.2814299999751;1132
3676812044;40.2957199999967;15.2813999999751;1133
3676812044;40.2955999999966;15.2813999999751;1134
3676812044;40.2953299999965;15.2815099999753;1135
3676812044;40.2951299999964;15.2815499999754;1136
3676812044;40.2949399999963;15.2815299999754;1137
3676812044;40.2945299999961;15.2813999999753;1138
3676812044;40.294439999996;15.2812999999751;1139
3676812044;40.294399999996;15.281229999975;1140
3676812044;40.294399999996;15.2810599999747;1141
3676812044;40.2943799999959;15.2808899999745;1142
3676812044;40.2943299999959;15.2807499999743;1143
3676812044;40.2940499999957;15.2804499999738;1144
3676812044;40.2939599999956;15.2803099999736;1145
3676812044;40.2938699999955;15.2800699999732;1146
3676812044;40.2937899999954;15.2797899999728;1147
3676812044;40.2936899999954;15.2796299999725;1148
3676812044;40.2935799999953;15.2795199999724;1149
3676812044;40.2935199999952;15.2794099999722;1150
3676812044;40.2934799999952;15.279269999972;1151
3676812044;40.2934899999951;15.2790499999716;1152
3676812044;40.2934699999951;15.2788499999713;1153
3676812044;40.293419999995;15.2787499999711;1154
3676812044;40.2932999999949;15.2786199999709;1155
3676812044;40.2931899999948;15.2783999999705;1156
3676812044;40.2931299999947;15.2781299999701;1157
3676812044;40.2930599999947;15.2779999999698;1158
3676812044;40.2927099999944;15.2776299999693;1159
3676812044;40.2926199999944;15.2775999999692;1160
3676812044;40.2925299999943;15.2776099999693;1161
3676812044;40.2921699999942;15.2778499999698;1162
3676812044;40.2921099999942;15.2779299999699;1163
3676812044;40.2920599999942;15.2780399999701;1164
3676812044;40.2919999999942;15.2784399999708;1165
3676812044;40.2919099999942;15.2787599999714;1166
3676812044;40.2916999999942;15.2792399999723;1167
3676812044;40.2914399999942;15.2797199999731;1168
3676812044;40.2913099999942;15.2799099999735;1169
3676812044;40.2911999999942;15.2799599999736;1170
3676812044;40.2910999999941;15.2799499999736;1171
3676812044;40.290969999994;15.2798999999736;1172
3676812044;40.290889999994;15.2797899999734;1173
3676812044;40.2908099999939;15.2795899999731;1174
3676812044;40.2907499999938;15.2792799999726;1175
3676812044;40.2906799999937;15.2790699999722;1176
3676812044;40.2906299999937;15.2789999999721;1177
3676812044;40.2905499999936;15.2789699999721;1178
3676812044;40.2901099999934;15.2790399999723;1179
3676812044;40.2897699999933;15.2791299999726;1180
3676812044;40.2892099999931;15.2794599999733;1181
3676812044;40.288809999993;15.2797499999739;1182
3676812044;40.2885599999929;15.2798499999741;1183
3676812044;40.2879899999927;15.2800199999745;1184
3676812044;40.2876899999927;15.2801799999749;1185
3676812044;40.2874299999926;15.2803599999753;1186
3676812044;40.2873199999926;15.2803499999753;1187
3676812044;40.2871499999924;15.2802599999752;1188
3676812044;40.2870099999924;15.2802699999752;1189
3676812044;40.2869399999924;15.2803299999754;1190
3676812044;40.2868799999924;15.2804599999756;1191
3676812044;40.2867999999924;15.2805499999758;1192
3676812044;40.2866599999924;15.2805899999759;1193
3676812044;40.2864299999923;15.2805699999759;1194
3676812044;40.2863299999922;15.2805099999758;1195
3676812044;40.2861699999921;15.2803199999756;1196
3676812044;40.2856999999916;15.2795399999745;1197
3676812044;40.2856099999915;15.2793499999742;1198
3676812044;40.2855299999915;15.2793199999742;1199
3676812044;40.2854499999914;15.2793299999742;1200
3676812044;40.2853499999914;15.2794299999744;1201
3676812044;40.2851599999915;15.2797999999751;1202
3676812044;40.2850199999915;15.2799599999754;1203
3676812044;40.2849299999915;15.2800199999756;1204
3676812044;40.2847799999915;15.2800699999757;1205
3676812044;40.2845899999915;15.2802899999761;1206
3676812044;40.2844699999915;15.2803899999763;1207
3676812044;40.2843599999915;15.2804199999764;1208
3676812044;40.2840299999913;15.2804099999765;1209
3676812044;40.2835699999912;15.2805099999768;1210
3676812044;40.2834699999912;15.2804499999768;1211
3676812044;40.283289999991;15.2802299999765;1212
3676812044;40.283199999991;15.2801999999765;1213
3676812044;40.283149999991;15.2802199999765;1214
3676812044;40.283109999991;15.2802799999767;1215
3676812044;40.283109999991;15.2803599999768;1216
3676812044;40.2831499999911;15.280509999977;1217
3676812044;40.2831499999911;15.2805999999771;1218
3676812044;40.2831199999912;15.2807299999773;1219
3676812044;40.2830399999912;15.2808499999776;1220
3676812044;40.2828999999912;15.2809199999777;1221
3676812044;40.282219999991;15.280919999978;1222
3676812044;40.282139999991;15.2809499999781;1223
3676812044;40.282089999991;15.2810099999782;1224
3676812044;40.2820299999911;15.2812299999785;1225
3676812044;40.2819699999911;15.2813399999787;1226
3676812044;40.2817799999912;15.2816299999792;1227
3676812044;40.2814999999913;15.2819599999798;1228
3676812044;40.2814299999913;15.2820899999801;1229
3676812044;40.279699999991;15.2822699999811;1230
3676812044;40.2792199999909;15.2821199999811;1231
3676812044;40.2788799999907;15.2818999999809;1232
3676812044;40.2788099999905;15.2814899999804;1233
3676812044;40.2788199999903;15.2811399999798;1234
3676812044;40.2788499999902;15.2809499999795;1235
3676812044;40.2789399999902;15.2808099999793;1236
3676812044;40.2790599999901;15.2806999999791;1237
3676812044;40.2793399999902;15.2806899999789;1238
3676812044;40.2796999999903;15.2807599999789;1239
3676812044;40.2800099999903;15.2807299999787;1240
3676812044;40.2802099999903;15.2806299999784;1241
3676812044;40.2802699999903;15.2805099999782;1242
3676812044;40.2802799999902;15.280349999978;1243
3676812044;40.28015999999;15.2799999999775;1244
3676812044;40.2797199999894;15.2789999999761;1245
3676812044;40.2795999999893;15.2788299999759;1246
3676812044;40.2790799999889;15.2783099999753;1247
3676812044;40.2788799999887;15.2780099999749;1248
3676812044;40.2788199999885;15.2777099999744;1249
3676812044;40.2785899999883;15.277409999974;1250
3676812044;40.2785599999882;15.2772399999737;1251
3676812044;40.278599999988;15.2770099999733;1252
3676812044;40.2786199999878;15.2766299999726;1253
3676812044;40.2787599999878;15.2764799999723;1254
3676812044;40.2788699999878;15.2764399999721;1255
3676812044;40.2790399999878;15.276429999972;1256
3676812044;40.2790999999878;15.2763599999719;1257
3676812044;40.2790999999878;15.2762699999717;1258
3676812044;40.2790299999877;15.2762099999717;1259
3676812044;40.2789099999877;15.2762299999718;1260
3676812044;40.2785999999877;15.2763199999721;1261
3676812044;40.2784199999877;15.2764599999724;1262
3676812044;40.2781599999878;15.2768599999733;1263
3676812044;40.278019999988;15.2773099999741;1264
3676812044;40.2779499999881;15.2773599999743;1265
3676812044;40.277849999988;15.2773499999743;1266
3676812044;40.277769999988;15.2772799999742;1267
3676812044;40.2775899999871;15.2759299999719;1268
3676812044;40.2774099999867;15.2752599999708;1269
3676812044;40.2772899999865;15.2750499999705;1270
3676812044;40.2771599999864;15.2748799999702;1271
3676812044;40.2769499999862;15.27470999997;1272
3676812044;40.2768399999861;15.2745599999698;1273
3676812044;40.2767199999859;15.2743099999694;1274
3676812044;40.2766099999858;15.2741899999692;1275
3676812044;40.2764299999857;15.2741199999692;1276
3676812044;40.2759199999855;15.2740699999694;1277
3676812044;40.2756899999854;15.2739799999694;1278
3676812044;40.2754499999852;15.273709999969;1279
3676812044;40.2752299999848;15.2733099999684;1280
3676812044;40.2751599999848;15.2732499999683;1281
3676812044;40.2749799999847;15.2732099999683;1282
3676812044;40.2748299999847;15.2732599999685;1283
3676812044;40.2747099999848;15.273489999969;1284
3676812044;40.2745299999849;15.2736499999695;1285
3676812044;40.2740699999848;15.2736399999698;1286
3676812044;40.2737499999847;15.2735999999699;1287
3676812044;40.2734199999845;15.2734299999698;1288
3676812044;40.2729599999844;15.27334999997;1289
3676812044;40.2726399999842;15.2731199999697;1290
3676812044;40.2724999999841;15.2730399999697;1291
3676812044;40.272239999984;15.2730299999698;1292
3676812044;40.2720399999839;15.2729499999698;1293
3676812044;40.2718999999839;15.2728699999698;1294
3676812044;40.2718299999838;15.2727699999696;1295
3676812044;40.2718399999837;15.2726699999694;1296
3676812044;40.2719199999837;15.2726299999693;1297
3676812044;40.2719899999837;15.2726799999693;1298
3676812044;40.2720799999838;15.2727799999695;1299
3676812044;40.2721799999839;15.2728299999695;1300
3676812044;40.2724499999839;15.2728199999693;1301
3676812044;40.272629999984;15.2728899999693;1302
3676812044;40.272749999984;15.2728799999692;1303
3676812044;40.273339999984;15.2727499999685;1304
3676812044;40.2735699999841;15.2727899999684;1305
3676812044;40.2737999999841;15.2727799999682;1306
3676812044;40.2739999999841;15.2726899999679;1307
3676812044;40.274229999984;15.2725099999674;1308
3676812044;40.2744199999839;15.2722899999668;1309
3676812044;40.2744999999838;15.2720699999663;1310
3676812044;40.2745599999838;15.2719999999661;1311
3676812044;40.2746599999838;15.2720099999661;1312
3676812044;40.2748499999839;15.2720999999661;1313
3676812044;40.275009999984;15.2721399999661;1314
3676812044;40.275219999984;15.2720699999658;1315
3676812044;40.2754799999841;15.2720399999656;1316
3676812044;40.2756099999841;15.2719899999654;1317
3676812044;40.275669999984;15.2719099999652;1318
3676812044;40.275679999984;15.271829999965;1319
3676812044;40.2756399999839;15.2717699999649;1320
3676812044;40.2755799999839;15.2717399999649;1321
3676812044;40.2751299999838;15.2718399999654;1322
3676812044;40.2749799999837;15.2718199999655;1323
3676812044;40.2748999999837;15.2717499999654;1324
3676812044;40.2747599999835;15.271549999965;1325
3676812044;40.2746499999834;15.271489999965;1326
3676812044;40.2745399999834;15.271479999965;1327
3676812044;40.2740899999834;15.2716499999657;1328
3676812044;40.2733199999832;15.2717199999664;1329
3676812044;40.2730699999831;15.2716199999664;1330
3676812044;40.2728599999829;15.2713999999661;1331
3676812044;40.2727599999827;15.2711599999656;1332
3676812044;40.272589999982;15.270349999964;1333
3676812044;40.2724599999818;15.2700999999636;1334
3676812044;40.2723099999817;15.2699699999634;1335
3676812044;40.2718399999813;15.2696899999631;1336
3676812044;40.2715099999812;15.2696699999633;1337
3676812044;40.2711999999811;15.2695999999634;1338
3676812044;40.271109999981;15.2695299999633;1339
3676812044;40.2710599999809;15.2694099999631;1340
3676812044;40.2710999999808;15.2692899999628;1341
3676812044;40.2710199999806;15.2690399999623;1342
3676812044;40.2708699999804;15.2688199999619;1343
3676812044;40.2707199999802;15.2686499999616;1344
3676812044;40.2706399999801;15.2686099999616;1345
3676812044;40.2705699999801;15.2685999999617;1346
3676812044;40.2703699999801;15.2686199999619;1347
3676812044;40.2702299999801;15.2686599999621;1348
3676812044;40.2701199999801;15.2686599999622;1349
3676812044;40.26991999998;15.2685899999622;1350
3676812044;40.2695999999798;15.268389999962;1351
3676812044;40.2694399999796;15.2682699999618;1352
3676812044;40.2692999999796;15.2682399999619;1353
3676812044;40.2691499999796;15.2682999999622;1354
3676812044;40.2688299999799;15.2686799999633;1355
3676812044;40.2686899999799;15.2687599999636;1356
3676812044;40.2684999999799;15.2687499999637;1357
3676812044;40.26815999998;15.2688399999642;1358
3676812044;40.2680699999799;15.2688299999643;1359
3676812044;40.2679299999799;15.2687699999643;1360
3676812044;40.2677499999799;15.2687699999644;1361
3676812044;40.26734999998;15.2689199999651;1362
3676812044;40.2671299999801;15.2690499999656;1363
3676812044;40.2669599999803;15.2692399999662;1364
3676812044;40.2667699999805;15.269509999967;1365
3676812044;40.2665799999808;15.2698399999678;1366
3676812044;40.266449999981;15.2699899999683;1367
3676812044;40.2662199999811;15.2701399999688;1368
3676812044;40.2659199999813;15.2702999999694;1369
3676812044;40.2653399999815;15.2704699999703;1370
3676812044;40.2651599999815;15.2704999999705;1371
3676812044;40.2650299999815;15.2704399999705;1372
3676812044;40.2648599999814;15.2702999999704;1373
3676812044;40.2646299999812;15.2701499999703;1374
3676812044;40.2645199999812;15.2701399999704;1375
3676812044;40.2643199999813;15.2701799999707;1376
3676812044;40.2640899999814;15.2702799999711;1377
3676812044;40.2634999999819;15.2706299999724;1378
3676812044;40.2630899999821;15.270759999973;1379
3676812044;40.2629899999822;15.2708599999733;1380
3676812044;40.2627399999826;15.2711699999742;1381
3676812044;40.2624799999828;15.2713599999748;1382
3676812044;40.2622799999829;15.2714399999752;1383
3676812044;40.261809999983;15.2713899999755;1384
3676812044;40.2616299999831;15.2713999999757;1385
3676812044;40.2614499999831;15.2713799999759;1386
3676812044;40.2611599999832;15.2714199999762;1387
3676812044;40.2602199999834;15.271299999977;1388
3676812044;40.2600899999834;15.271249999977;1389
3676812044;40.2599999999833;15.2711599999769;1390
3676812044;40.259779999983;15.2707999999765;1391
3676812044;40.2595599999828;15.2705899999763;1392
3676812044;40.2578999999832;15.2703399999776;1393
3676812044;40.2575399999833;15.2702599999778;1394
3676812044;40.2571699999835;15.2702299999782;1395
3676812044;40.2569499999836;15.2702399999785;1396
3676812044;40.256379999984;15.2703699999794;1397
3676812044;40.2558799999844;15.2704499999801;1398
3676812044;40.2556199999846;15.2704699999805;1399
3676812044;40.2553599999848;15.2705499999809;1400
3676812044;40.2550999999853;15.2707599999816;1401
3676812044;40.2549599999856;15.2709399999821;1402
3676812044;40.2547599999862;15.271299999983;1403
3676812044;40.2547299999862;15.2713399999831;1404
3676812044;40.2546899999863;15.2713499999832;1405
3676812044;40.2546499999862;15.2712999999831;1406
3676812044;40.2546499999861;15.271229999983;1407
3676812044;40.254679999986;15.2710999999827;1408
3676812044;40.2548599999851;15.2705299999815;1409
3676812044;40.2549899999843;15.2699299999802;1410
3676812044;40.2550899999838;15.2695999999794;1411
3676812044;40.2552399999832;15.2692099999784;1412
3676812044;40.255279999983;15.2690499999781;1413
3676812044;40.2552799999825;15.2686799999773;1414
3676812044;40.2552399999819;15.2681799999763;1415
3676812044;40.2552099999817;15.268019999976;1416
3676812044;40.2551599999816;15.2679099999759;1417
3676812044;40.2549899999814;15.2676899999756;1418
3676812044;40.2546599999811;15.2673299999753;1419
3676812044;40.254499999981;15.2671899999752;1420
3676812044;40.254089999981;15.2669799999752;1421
3676812044;40.253919999981;15.2669299999753;1422
3676812044;40.2538199999811;15.2669399999755;1423
3676812044;40.2537699999812;15.2669899999757;1424
3676812044;40.2537599999812;15.2670499999758;1425
3676812044;40.2537699999813;15.2671199999759;1426
3676812044;40.2538299999814;15.267179999976;1427
3676812044;40.2540099999814;15.267279999976;1428
3676812044;40.2540699999815;15.2673599999761;1429
3676812044;40.2541399999817;15.2675399999764;1430
3676812044;40.254139999982;15.2677799999769;1431
3676812044;40.2540899999823;15.2679499999773;1432
3676812044;40.2539499999826;15.2681499999779;1433
3676812044;40.2533599999837;15.2686799999797;1434
3676812044;40.2530999999842;15.2688899999804;1435
3676812044;40.2529599999843;15.2689299999807;1436
3676812044;40.2528599999843;15.2688899999807;1437
3676812044;40.2528099999843;15.2688099999806;1438
3676812044;40.2528099999841;15.2686999999804;1439
3676812044;40.252839999984;15.2686099999802;1440
3676812044;40.2531199999833;15.2682599999792;1441
3676812044;40.2532599999829;15.2680499999785;1442
3676812044;40.2532799999828;15.2679699999784;1443
3676812044;40.2532499999826;15.2678399999781;1444
3676812044;40.2529999999826;15.2676699999781;1445
3676812044;40.2527399999825;15.267459999978;1446
3676812044;40.2526299999823;15.2672899999778;1447
3676812044;40.252499999982;15.2669799999773;1448
3676812044;40.2523999999821;15.2669999999775;1449
3676812044;40.2523799999822;15.2670599999776;1450
3676812044;40.2523799999823;15.2671299999778;1451
3676812044;40.2524799999827;15.2674999999784;1452
3676812044;40.2524899999829;15.2676199999787;1453
3676812044;40.2524699999829;15.2676699999788;1454
3676812044;40.252399999983;15.2676999999789;1455
3676812044;40.2523199999831;15.267699999979;1456
3676812044;40.252219999983;15.267609999979;1457
3676812044;40.2522499999828;15.2674799999787;1458
3676812044;40.2522299999826;15.2673199999784;1459
3676812044;40.2521699999825;15.2671699999781;1460
3676812044;40.2520799999823;15.267029999978;1461
3676812044;40.2520099999823;15.2669699999779;1462
3676812044;40.2518299999824;15.2669799999782;1463
3676812044;40.2515999999829;15.2671699999789;1464
3676812044;40.2515099999829;15.267169999979;1465
3676812044;40.2514499999829;15.267129999979;1466
3676812044;40.2514099999829;15.2670599999789;1467
3676812044;40.2513199999823;15.2666499999782;1468
3676812044;40.2510999999815;15.265949999977;1469
3676812044;40.2510499999814;15.2658699999769;1470
3676812044;40.2500499999805;15.2647799999758;1471
3676812044;40.2500199999805;15.2647499999758;1472
3676812044;40.2499799999805;15.2647399999758;1473
3676812044;40.2499399999806;15.264769999976;1474
3676812044;40.2498899999808;15.2648499999762;1475
3676812044;40.2498699999809;15.2649099999764;1476
3676812044;40.249889999981;15.2649999999766;1477
3676812044;40.2499199999811;15.2650599999767;1478
3676812044;40.2501899999812;15.2652799999768;1479
3676812044;40.2502399999813;15.2653599999769;1480
3676812044;40.2503399999818;15.2657599999776;1481
3676812044;40.2503499999822;15.2660499999782;1482
3676812044;40.2503399999827;15.2663799999789;1483
3676812044;40.250369999983;15.2666199999794;1484
3676812044;40.2504799999832;15.2667599999796;1485
3676812044;40.2500599999844;15.2673599999814;1486
3676812044;40.2497799999852;15.2677199999825;1487
3676812044;40.2495199999858;15.2679899999834;1488
3676812044;40.2493299999858;15.2679099999835;1489
3676812044;40.2488799999861;15.267829999984;1490
3676812044;40.2486999999862;15.2677699999841;1491
3676812044;40.2486099999861;15.2676399999839;1492
3676812044;40.2484699999861;15.2675399999839;1493
3676812044;40.2483899999861;15.267509999984;1494
3676812044;40.2482999999863;15.2675599999842;1495
3676812044;40.2481399999868;15.2677899999849;1496
3676812044;40.2478499999876;15.268149999986;1497
3676812044;40.2475099999886;15.2685399999872;1498
3676812044;40.2472599999894;15.2689499999884;1499
3676812044;40.2471699999896;15.2690199999886;1500
3676812044;40.2470599999898;15.2690499999888;1501
3676812044;40.24688999999;15.269029999989;1502
3676812044;40.2462999999902;15.2687299999893;1503
3676812044;40.2461999999903;15.2687099999894;1504
3676812044;40.2461199999904;15.2687199999896;1505
3676812044;40.2460699999905;15.2687699999897;1506
3676812044;40.2456999999925;15.269759999992;1507
3676812044;40.2455099999936;15.2703299999933;1508
3676812044;40.2453199999943;15.2706499999941;1509
3676812044;40.2449599999951;15.2708499999949;1510
3676812044;40.2448599999953;15.2709499999952;1511
3676812044;40.2447999999957;15.2711299999956;1512
3676812044;40.2446699999966;15.2716399999966;1513
3676812044;40.2445899999969;15.2717699999969;1514
3676812044;40.2443799999974;15.2718899999974;1515
3676812044;40.2440299999983;15.2721699999983;1516
3676812044;40.2436499999994;15.2725199999994;1517
3676812044;40.2435899999996;15.2725999999996;1518
3676812044;40.24351;15.27277;1519
3676812044;40.2433500000013;15.2735000000012;1520
3676812044;40.2433500000021;15.274040000002;1521
3676812044;40.2433900000027;15.2745200000026;1522
3676812044;40.243470000003;15.2748100000028;1523
3676812044;40.2437000000035;15.2753700000032;1524
3676812044;40.2437300000037;15.2755100000034;1525
3676812044;40.2437300000038;15.2756000000035;1526
3676812044;40.243680000004;15.2757400000037;1527
3676812044;40.2435600000043;15.275800000004;1528
3676812044;40.2430700000053;15.2759300000048;1529
3676812044;40.2429000000057;15.2760700000052;1530
3676812044;40.2428400000061;15.2762400000055;1531
3676812044;40.2428000000064;15.2764100000057;1532
3676812044;40.2423100000075;15.2766300000066;1533
3676812044;40.2421900000078;15.2767400000069;1534
3676812044;40.2421200000082;15.2769400000072;1535
3676812044;40.2421100000086;15.2771700000075;1536
3676812044;40.242070000009;15.2773900000078;1537
3676812044;40.2419900000093;15.277510000008;1538
3676812044;40.2414300000108;15.2778800000092;1539
3676812044;40.2411700000119;15.27834000001;1540
3676812044;40.2411200000122;15.2785500000102;1541
3676812044;40.2411300000124;15.2786700000103;1542
3676812044;40.2412100000125;15.2788100000104;1543
3676812044;40.2414800000121;15.2789100000101;1544
3676812044;40.2416900000118;15.2789300000099;1545
3676812044;40.2420000000112;15.2788900000094;1546
3676812044;40.2420400000112;15.2789300000094;1547
3676812044;40.2420600000112;15.2790000000094;1548
3676812044;40.2420500000113;15.2790700000095;1549
3676812044;40.2419000000117;15.2791100000098;1550
3676812044;40.2414500000125;15.2791800000104;1551
3676812044;40.2410600000132;15.2791500000109;1552
3676812044;40.2407800000136;15.2790500000112;1553
3676812044;40.2407000000136;15.2789600000112;1554
3676812044;40.2406700000135;15.2788400000111;1555
3676812044;40.2406800000131;15.2785700000108;1556
3676812044;40.240650000013;15.2784800000108;1557
3676812044;40.240620000013;15.2784500000108;1558
3676812044;40.2405800000131;15.2784500000109;1559
3676812044;40.2405300000134;15.278580000011;1560
3676812044;40.2405100000138;15.2788900000114;1561
3676812044;40.2405400000141;15.2791100000115;1562
3676812044;40.2406000000141;15.2792200000116;1563
3676812044;40.2406900000141;15.2793000000115;1564
3676812044;40.2410100000137;15.2794400000112;1565
3676812044;40.2411100000136;15.2795200000112;1566
3676812044;40.2411500000137;15.2796100000112;1567
3676812044;40.2411600000139;15.2798200000114;1568
3676812044;40.2409800000148;15.2801800000119;1569
3676812044;40.2409400000151;15.2803700000121;1570
3676812044;40.2409700000155;15.2806900000124;1571
3676812044;40.2409300000158;15.2809100000126;1572
3676812044;40.240580000017;15.2812700000133;1573
3676812044;40.2402300000181;15.281600000014;1574
3676812044;40.2396400000198;15.2820100000151;1575
3676812044;40.2394900000201;15.2820500000153;1576
3676812044;40.2393800000204;15.2820500000154;1577
3676812044;40.239000000021;15.2819400000158;1578
3676812044;40.2387600000216;15.2820300000162;1579
3676812044;40.2385300000221;15.2820900000165;1580
3676812044;40.2384000000224;15.2820800000167;1581
3676812044;40.2379200000232;15.2819100000172;1582
3676812044;40.2375600000236;15.2816600000175;1583
3676812044;40.2373500000239;15.2815500000177;1584
3676812044;40.2371500000242;15.2814900000179;1585
3676812044;40.2370000000244;15.281370000018;1586
3676812044;40.2368100000247;15.2812800000182;1587
3676812044;40.2367200000247;15.2811800000183;1588
3676812044;40.2365200000246;15.2808100000183;1589
3676812044;40.236310000024;15.2800800000181;1590
3676812044;40.236260000024;15.2800000000181;1591
3676812044;40.2352800000252;15.2793200000189;1592
3676812044;40.2346800000263;15.2791100000196;1593
3676812044;40.2343100000269;15.27893000002;1594
3676812044;40.2338400000277;15.2787500000206;1595
3676812044;40.2336300000282;15.2787500000209;1596
3676812044;40.2332400000295;15.2789700000216;1597
3676812044;40.2329800000303;15.2790700000221;1598
3676812044;40.2328500000307;15.2791500000223;1599
3676812044;40.2325300000309;15.2787400000225;1600
3676812044;40.2324800000308;15.2786100000225;1601
3676812044;40.2324700000307;15.2785100000225;1602
3676812044;40.2325800000295;15.2779600000219;1603
3676812044;40.2326800000283;15.2773600000212;1604
3676812044;40.2326700000281;15.2772100000211;1605
3676812044;40.2325800000276;15.2768000000209;1606
3676812044;40.2325400000272;15.2764800000207;1607
3676812044;40.2325900000264;15.2760700000203;1608
3676812044;40.2327900000252;15.2756900000196;1609
3676812044;40.2330200000237;15.2751300000187;1610
3676812044;40.2332000000223;15.2745400000178;1611
3676812044;40.2333000000216;15.2742600000173;1612
3676812044;40.2340100000177;15.2729500000147;1613
3676812044;40.2341300000166;15.272500000014;1614
3676812044;40.2341400000164;15.2723800000138;1615
3676812044;40.2341000000157;15.2719200000133;1616
3676812044;40.2338800000152;15.2713600000129;1617
3676812044;40.2337600000146;15.2709000000125;1618
3676812044;40.2337000000146;15.2707900000125;1619
3676812044;40.2336300000147;15.2707800000126;1620
3676812044;40.2330500000106;15.2679000000094;1621
3676812044;40.2328400000093;15.2670000000084;1622
3676812044;40.2327500000089;15.2667200000081;1623
3676812044;40.2325900000089;15.266500000008;1624
3676812044;40.2324900000089;15.266390000008;1625
3676812044;40.232330000009;15.2662700000081;1626
3676812044;40.2305100000111;15.2652600000099;1627
3676812044;40.2305600000106;15.2650800000095;1628
3676812044;40.2308600000089;15.2646100000081;1629
3676812044;40.2311100000079;15.2643900000072;1630
3676812044;40.2308482153107;15.2641786614046;1631