shape_id;shape_pt_lat;shape_pt_lon;shape_pt_sequence
728848547;40.316913683161;15.2408934903687;1
728848547;40.3166699999862;15.2409200000031;2
728848547;40.3165899999863;15.240950000003;3
728848547;40.3164899999864;15.240930000003;4
728848547;40.3165299999864;15.241100000003;5
728848547;40.3165799999863;15.241200000003;6
728848547;40.316839999986;15.2414300000029;7
728848547;40.3170599999857;15.2415100000029;8
728848547;40.3172499999855;15.241480000003;9
728848547;40.3174099999854;15.241420000003;10
728848547;40.3175499999852;15.2414100000031;11
728848547;40.3176399999851;15.2414400000031;12
728848547;40.3178699999848;15.241630000003;13
728848547;40.3181399999845;15.2415800000031;14
728848547;40.3183499999843;15.2415900000031;15
728848547;40.3188599999837;15.2416900000032;16
728848547;40.3190499999834;15.2417900000032;17
728848547;40.3194899999829;15.2419500000032;18
728848547;40.3195699999828;15.2419600000032;19
728848547;40.3196699999827;15.2419100000032;20
728848547;40.3198899999825;15.2417000000033;21
728848547;40.3201299999822;15.2413700000035;22
728848547;40.3201799999822;15.2413700000035;23
728848547;40.3202099999821;15.2414000000035;24
728848547;40.3202199999821;15.2414800000034;25
728848547;40.3201899999821;15.2415500000034;26
728848547;40.3199199999824;15.2420300000032;27
728848547;40.3197999999825;15.2421900000031;28
728848547;40.3196699999826;15.2423000000031;29
728848547;40.3195599999828;15.242320000003;30
728848547;40.3191399999833;15.242290000003;31
728848547;40.3189999999834;15.242320000003;32
728848547;40.3188799999836;15.2424000000029;33
728848547;40.3187399999837;15.2425300000028;34
728848547;40.3185199999839;15.2428700000027;35
728848547;40.318429999984;15.2429800000026;36
728848547;40.3182999999841;15.2430400000026;37
728848547;40.3180799999844;15.2430900000026;38
728848547;40.3179099999846;15.2431500000025;39
728848547;40.3177999999847;15.2432200000025;40
728848547;40.3173199999851;15.2439400000022;41
728848547;40.3172299999852;15.2440400000021;42
728848547;40.3171399999853;15.2440800000021;43
728848547;40.3167999999857;15.2440400000021;44
728848547;40.3165299999859;15.2440400000021;45
728848547;40.3161799999863;15.244200000002;46
728848547;40.3159699999865;15.244230000002;47
728848547;40.3158199999867;15.2442200000019;48
728848547;40.3157599999867;15.2442700000019;49
728848547;40.3157199999868;15.2443300000019;50
728848547;40.3157399999867;15.2447400000018;51
728848547;40.3157199999867;15.2448800000017;52
728848547;40.3156699999867;15.2450100000017;53
728848547;40.3155599999868;15.2451400000016;54
728848547;40.315349999987;15.2452500000016;55
728848547;40.3151299999872;15.2454700000015;56
728848547;40.3149299999874;15.2455800000014;57
728848547;40.3147799999876;15.2456000000014;58
728848547;40.3146699999877;15.2455800000014;59
728848547;40.3145299999878;15.2455000000014;60
728848547;40.3144499999879;15.2454900000014;61
728848547;40.3143899999879;15.2455400000014;62
728848547;40.314349999988;15.2456500000014;63
728848547;40.314329999988;15.2458300000013;64
728848547;40.3143399999879;15.2464500000011;65
728848547;40.3143099999879;15.2465900000011;66
728848547;40.314239999988;15.246740000001;67
728848547;40.314189999988;15.246790000001;68
728848547;40.3141099999881;15.246780000001;69
728848547;40.3140399999882;15.246710000001;70
728848547;40.3138999999884;15.2463500000011;71
728848547;40.3137499999885;15.2460200000012;72
728848547;40.3136599999886;15.2459000000013;73
728848547;40.3135999999886;15.2458600000013;74
728848547;40.3134499999888;15.2458200000013;75
728848547;40.3133999999889;15.2457100000013;76
728848547;40.3133199999889;15.2453400000014;77
728848547;40.313269999989;15.2452500000014;78
728848547;40.3131699999891;15.2451900000014;79
728848547;40.3130099999892;15.2451400000014;80
728848547;40.3128799999893;15.2451400000014;81
728848547;40.3126799999895;15.2452300000014;82
728848547;40.3123399999898;15.2455300000013;83
728848547;40.31207999999;15.2457300000012;84
728848547;40.3119399999901;15.2457600000012;85
728848547;40.3117999999902;15.2457600000012;86
728848547;40.3115499999904;15.2456800000012;87
728848547;40.3114599999905;15.2456900000012;88
728848547;40.3113799999906;15.2457200000012;89
728848547;40.3111099999908;15.2459200000011;90
728848547;40.3110099999908;15.2459500000011;91
728848547;40.310749999991;15.2459200000011;92
728848547;40.3103599999913;15.245930000001;93
728848547;40.3101899999915;15.2457800000011;94
728848547;40.3101199999915;15.2457600000011;95
728848547;40.3100399999916;15.2457800000011;96
728848547;40.3098299999917;15.245890000001;97
728848547;40.3097699999918;15.245980000001;98
728848547;40.3097299999918;15.246090000001;99
728848547;40.3097099999918;15.2465100000009;100
728848547;40.3096599999918;15.2466400000008;101
728848547;40.3097799999917;15.2468300000008;102
728848547;40.3098499999917;15.2469900000007;103
728848547;40.3099799999915;15.2473800000007;104
728848547;40.3101599999914;15.2476200000006;105
728848547;40.3105199999911;15.2479700000005;106
728848547;40.310679999991;15.2482000000005;107
728848547;40.3107899999909;15.2484800000004;108
728848547;40.3110199999907;15.2489700000003;109
728848547;40.3110499999907;15.2491400000002;110
728848547;40.3110499999907;15.2492500000002;111
728848547;40.3109799999907;15.2495700000001;112
728848547;40.3109499999908;15.25006;113
728848547;40.3110499999907;15.2508499999998;114
728848547;40.3110499999907;15.2509399999998;115
728848547;40.3110399999907;15.2509799999998;116
728848547;40.3109599999908;15.2510699999997;117
728848547;40.3098199999916;15.2518899999996;118
728848547;40.3097499999917;15.2520499999995;119
728848547;40.3097299999917;15.2521499999995;120
728848547;40.3097379942907;15.2522299429184;121
728848547;40.3097299999917;15.2521499999995;122
728848547;40.3097499999917;15.2520499999995;123
728848547;40.3098199999916;15.2518899999996;124
728848547;40.3109599999908;15.2510699999997;125
728848547;40.3110399999907;15.2509799999998;126
728848547;40.3110499999907;15.2508499999998;127
728848547;40.3109499999908;15.25006;128
728848547;40.3109799999907;15.2495700000001;129
728848547;40.3110499999907;15.2492500000002;130
728848547;40.3110499999907;15.2491400000002;131
728848547;40.3110199999907;15.2489700000003;132
728848547;40.3107899999909;15.2484800000004;133
728848547;40.310679999991;15.2482000000005;134
728848547;40.3105199999911;15.2479700000005;135
728848547;40.3101599999914;15.2476200000006;136
728848547;40.3099799999915;15.2473800000007;137
728848547;40.3098499999917;15.2469900000007;138
728848547;40.3097799999917;15.2468300000008;139
728848547;40.3096599999918;15.2466400000008;140
728848547;40.3091799999922;15.2460000000009;141
728848547;40.3088399999925;15.245640000001;142
728848547;40.3076499999933;15.2445800000011;143
728848547;40.3073499999936;15.2442400000012;144
728848547;40.3071499999937;15.2439800000012;145
728848547;40.3070899999937;15.2438200000012;146
728848547;40.3070299999938;15.2435100000013;147
728848547;40.306869999994;15.2422800000015;148
728848547;40.3067899999941;15.2420000000015;149
728848547;40.3067299999942;15.2419000000015;150
728848547;40.3065199999943;15.2416700000015;151
728848547;40.3064799999944;15.2415400000016;152
728848547;40.3064799999944;15.2414000000016;153
728848547;40.3065499999944;15.2410700000016;154
728848547;40.3065499999944;15.2409100000017;155
728848547;40.3065099999944;15.2407900000017;156
728848547;40.3063699999945;15.2405700000017;157
728848547;40.3062799999946;15.2403900000017;158
728848547;40.3061899999947;15.2400600000017;159
728848547;40.3060899999948;15.2395900000018;160
728848547;40.3060799999949;15.2394400000018;161
728848547;40.3060899999949;15.2393100000018;162
728848547;40.3061399999948;15.2391700000018;163
728848547;40.3064899999947;15.2386900000019;164
728848547;40.3065099999947;15.238640000002;165
728848547;40.3064899999948;15.238590000002;166
728848547;40.3064199999948;15.2385600000019;167
728848547;40.3063599999948;15.2386000000019;168
728848547;40.3061099999949;15.2388600000019;169
728848547;40.306009999995;15.2389200000018;170
728848547;40.305999999995;15.2388200000019;171
728848547;40.306049999995;15.2387200000019;172
728848547;40.3062999999949;15.2384600000019;173
728848547;40.3063599999949;15.238290000002;174
728848547;40.3063799999949;15.238150000002;175
728848547;40.3063599999949;15.237960000002;176
728848547;40.3061099999952;15.237280000002;177
728848547;40.3059799999953;15.237100000002;178
728848547;40.3057299999955;15.236890000002;179
728848547;40.3056299999955;15.236760000002;180
728848547;40.3055699999956;15.236620000002;181
728848547;40.3055499999956;15.236470000002;182
728848547;40.3055799999957;15.236050000002;183
728848547;40.3055499999957;15.235950000002;184
728848547;40.3054799999958;15.235840000002;185
728848547;40.3052999999959;15.235730000002;186
728848547;40.3052599999959;15.235680000002;187
728848547;40.3052399999959;15.235580000002;188
728848547;40.305289999996;15.235010000002;189
728848547;40.305329999996;15.234870000002;190
728848547;40.305429999996;15.234640000002;191
728848547;40.305529999996;15.2343500000021;192
728848547;40.305679999996;15.2340300000021;193
728848547;40.305789999996;15.2338900000021;194
728848547;40.305909999996;15.2337900000022;195
728848547;40.3060199999959;15.2337300000022;196
728848547;40.3060699999959;15.2336500000022;197
728848547;40.3060899999959;15.2335800000022;198
728848547;40.306089999996;15.2334300000022;199
728848547;40.3060099999961;15.2331400000022;200
728848547;40.3059799999961;15.2329600000022;201
728848547;40.3059999999961;15.2328300000022;202
728848547;40.3061099999962;15.2325400000022;203
728848547;40.3062199999962;15.2321900000022;204
728848547;40.3063099999962;15.2320200000022;205
728848547;40.3063999999962;15.2319200000023;206
728848547;40.3065599999961;15.2317900000023;207
728848547;40.3066399999961;15.2316700000023;208
728848547;40.3067499999961;15.2313900000023;209
728848547;40.306989999996;15.2311200000024;210
728848547;40.307079999996;15.2309900000024;211
728848547;40.307179999996;15.2308100000024;212
728848547;40.3072799999961;15.2305200000024;213
728848547;40.307459999996;15.2302200000025;214
728848547;40.3076999999961;15.2297200000025;215
728848547;40.307959999996;15.2292500000025;216
728848547;40.3080099999961;15.2291100000025;217
728848547;40.3081699999963;15.2281300000025;218
728848547;40.3082399999963;15.2279200000025;219
728848547;40.3083299999963;15.2277300000025;220
728848547;40.3084699999963;15.2275400000025;221
728848547;40.3086599999963;15.2273500000026;222
728848547;40.3088499999962;15.2272400000026;223
728848547;40.309699999996;15.2263300000028;224
728848547;40.3098899999959;15.2261700000028;225
728848547;40.3102399999958;15.2259600000029;226
728848547;40.3104899999957;15.225840000003;227
728848547;40.3107099999956;15.2256900000031;228
728848547;40.3108799999955;15.2255500000031;229
728848547;40.3110299999955;15.2254900000031;230
728848547;40.3111899999954;15.2254600000032;231
728848547;40.3113799999952;15.2254700000033;232
728848547;40.3115099999951;15.2255200000033;233
728848547;40.311629999995;15.2256200000034;234
728848547;40.3117099999949;15.2256400000034;235
728848547;40.3121299999947;15.2255900000036;236
728848547;40.3125899999943;15.2257400000038;237
728848547;40.3127499999942;15.2257800000038;238
728848547;40.3128399999941;15.2257700000039;239
728848547;40.3128799999941;15.2257400000039;240
728848547;40.3129199999941;15.2256200000039;241
728848547;40.3129199999941;15.2255800000039;242
728848547;40.3128099999944;15.2251200000038;243
728848547;40.3128199999947;15.2244200000037;244
728848547;40.3127999999948;15.2242700000036;245
728848547;40.3127599999948;15.2242000000036;246
728848547;40.3126699999949;15.2241000000036;247
728848547;40.3122599999953;15.2238200000034;248
728848547;40.3121599999954;15.2237900000033;249
728848547;40.3118599999956;15.2237800000032;250
728848547;40.3117599999957;15.2237500000031;251
728848547;40.3116099999958;15.2236700000031;252
728848547;40.311489999996;15.223550000003;253
728848547;40.3114299999961;15.2234400000029;254
728848547;40.3113699999963;15.2229800000028;255
728848547;40.3112999999965;15.2227100000027;256
728848547;40.3111899999966;15.2225300000026;257
728848547;40.3111199999967;15.2224600000026;258
728848547;40.3110499999967;15.2224400000026;259
728848547;40.3109799999968;15.2224500000025;260
728848547;40.3105899999969;15.2226900000024;261
728848547;40.310469999997;15.2227200000024;262
728848547;40.3101899999971;15.2227100000023;263
728848547;40.3100099999972;15.2226500000022;264
728848547;40.3098599999974;15.2225700000021;265
728848547;40.3092699999979;15.2220900000017;266
728848547;40.309199999998;15.2220100000017;267
728848547;40.309169999998;15.2219200000017;268
728848547;40.3091699999982;15.2214900000015;269
728848547;40.3091499999982;15.2214000000015;270
728848547;40.3090899999983;15.2212800000014;271
728848547;40.3089599999985;15.2211200000013;272
728848547;40.3085299999989;15.220720000001;273
728848547;40.308309999999;15.2205600000009;274
728848547;40.3082299999991;15.2205200000008;275
728848547;40.3076999999994;15.2205200000006;276
728848547;40.3076199999994;15.2205400000006;277
728848547;40.3075599999993;15.2206200000006;278
728848547;40.3074999999993;15.2207600000006;279
728848547;40.3074599999993;15.2209000000007;280
728848547;40.3073999999993;15.2209800000007;281
728848547;40.3073099999993;15.2210500000006;282
728848547;40.3069599999994;15.2211500000005;283
728848547;40.3068999999994;15.2211300000005;284
728848547;40.3068199999995;15.2210600000005;285
728848547;40.3067899999995;15.2209700000004;286
728848547;40.3067899999996;15.2207800000003;287
728848547;40.30683;15.21993;288
728848547;40.30682;15.21979;289
728848547;40.3064500000006;15.2188499999994;290
728848547;40.3064400000006;15.2187199999994;291
728848547;40.3064800000008;15.2183999999992;292
728848547;40.3064700000008;15.2182899999992;293
728848547;40.3061300000011;15.2177899999988;294
728848547;40.3060500000012;15.2176299999987;295
728848547;40.3060300000013;15.2174899999986;296
728848547;40.3060300000014;15.2172799999985;297
728848547;40.3061600000017;15.2166399999982;298
728848547;40.3061800000017;15.2164199999981;299
728848547;40.3061800000018;15.216329999998;300
728848547;40.3061300000019;15.2161599999979;301
728848547;40.3061300000019;15.2160999999979;302
728848547;40.3060400000019;15.2160999999978;303
728848547;40.305920000002;15.2161399999978;304
728848547;40.305750000002;15.2162499999978;305
728848547;40.3053100000019;15.2166199999978;306
728848547;40.3052500000019;15.2167099999978;307
728848547;40.3052000000019;15.2168299999979;308
728848547;40.3051900000017;15.2172999999981;309
728848547;40.3051700000016;15.2174499999982;310
728848547;40.3050900000015;15.2176899999983;311
728848547;40.3050200000015;15.2178099999983;312
728848547;40.3048300000015;15.2179999999984;313
728848547;40.3047600000015;15.2181199999984;314
728848547;40.3046900000014;15.2183499999985;315
728848547;40.3046000000014;15.2185099999985;316
728848547;40.3043800000013;15.2188299999986;317
728848547;40.3042800000013;15.2189099999986;318
728848547;40.3039500000013;15.2190399999985;319
728848547;40.3031800000013;15.2196399999985;320
728848547;40.3031000000013;15.2197299999986;321
728848547;40.3028700000012;15.2202299999987;322
728848547;40.3028100000012;15.2202999999987;323
728848547;40.3027100000012;15.2203399999987;324
728848547;40.3024900000012;15.2203599999986;325
728848547;40.3023600000013;15.2204099999986;326
728848547;40.3022600000012;15.2205099999986;327
728848547;40.3021600000012;15.2207199999987;328
728848547;40.3020300000012;15.2209099999987;329
728848547;40.3019300000012;15.2209499999987;330
728848547;40.3015300000014;15.2205999999984;331
728848547;40.3014600000014;15.2205899999984;332
728848547;40.3014000000014;15.2206199999984;333
728848547;40.3013100000014;15.2207199999984;334
728848547;40.3012800000014;15.2208199999984;335
728848547;40.3012100000014;15.2208999999985;336
728848547;40.3010600000013;15.2209799999984;337
728848547;40.3008500000014;15.2210399999984;338
728848547;40.3007400000014;15.2209999999983;339
728848547;40.3004300000016;15.2207499999981;340
728848547;40.3000700000017;15.220679999998;341
728848547;40.2998200000017;15.2205699999979;342
728848547;40.2995800000018;15.2204099999977;343
728848547;40.2994700000019;15.2203099999976;344
728848547;40.2993900000019;15.2202799999976;345
728848547;40.2993100000019;15.2202899999976;346
728848547;40.2992700000019;15.2203099999976;347
728848547;40.2991900000019;15.2204499999976;348
728848547;40.2990200000018;15.2208799999978;349
728848547;40.2989700000017;15.2210999999979;350
728848547;40.2989600000016;15.2216599999981;351
728848547;40.2989400000015;15.2217399999981;352
728848547;40.2989000000015;15.2217699999981;353
728848547;40.2987700000015;15.2217799999981;354
728848547;40.2983300000016;15.221869999998;355
728848547;40.2979600000016;15.221989999998;356
728848547;40.2978100000016;15.2220099999979;357
728848547;40.2976800000017;15.2219899999979;358
728848547;40.2973800000017;15.2218499999978;359
728848547;40.2971500000017;15.2218699999977;360
728848547;40.2968900000017;15.2220399999977;361
728848547;40.2966200000017;15.2220799999977;362
728848547;40.2963100000017;15.2221799999976;363
728848547;40.2960900000018;15.2221899999976;364
728848547;40.2959300000018;15.2221199999975;365
728848547;40.2956700000019;15.2218999999974;366
728848547;40.2954800000019;15.2216599999972;367
728848547;40.295320000002;15.221349999997;368
728848547;40.2952300000021;15.2211299999969;369
728848547;40.2950000000022;15.2208599999967;370
728848547;40.2948800000022;15.2207599999966;371
728848547;40.2945100000023;15.2203299999963;372
728848547;40.2943400000023;15.2201999999962;373
728848547;40.2942800000024;15.2201999999962;374
728848547;40.2939400000023;15.2203299999962;375
728848547;40.2936500000023;15.2206299999963;376
728848547;40.2934300000022;15.2207599999963;377
728848547;40.2932900000022;15.2207599999963;378
728848547;40.2929200000023;15.2205799999961;379
728848547;40.2927200000023;15.220509999996;380
728848547;40.2925600000023;15.2203899999959;381
728848547;40.2923600000023;15.2204799999959;382
728848547;40.2920300000023;15.2205899999959;383
728848547;40.2917800000022;15.2206299999959;384
728848547;40.2914100000022;15.2205899999958;385
728848547;40.2909700000022;15.2204399999956;386
728848547;40.2906800000022;15.2203899999956;387
728848547;40.2900400000022;15.2203499999954;388
728848547;40.2898400000022;15.2203099999954;389
728848547;40.2896200000022;15.2202199999953;390
728848547;40.2894600000022;15.2201799999952;391
728848547;40.2892600000022;15.2201899999952;392
728848547;40.2891500000022;15.2201699999952;393
728848547;40.2889300000022;15.2198399999949;394
728848547;40.2887900000023;15.2194999999947;395
728848547;40.2887604045569;15.2193320226429;396
728848547;40.2887900000023;15.2194999999947;397
728848547;40.2889300000022;15.2198399999949;398
728848547;40.2891500000022;15.2201699999952;399
728848547;40.2892600000022;15.2201899999952;400
728848547;40.2894600000022;15.2201799999952;401
728848547;40.2896200000022;15.2202199999953;402
728848547;40.2898400000022;15.2203099999954;403
728848547;40.2900400000022;15.2203499999954;404
728848547;40.2906800000022;15.2203899999956;405
728848547;40.2909700000022;15.2204399999956;406
728848547;40.2914100000022;15.2205899999958;407
728848547;40.2917800000022;15.2206299999959;408
728848547;40.2920300000023;15.2205899999959;409
728848547;40.2923600000023;15.2204799999959;410
728848547;40.2925600000023;15.2203899999959;411
728848547;40.2927200000023;15.220509999996;412
728848547;40.2927500000023;15.2206399999961;413
728848547;40.2928500000022;15.2208499999962;414
728848547;40.2929600000021;15.2211699999964;415
728848547;40.2929800000021;15.2213099999965;416
728848547;40.292940000002;15.2217499999967;417
728848547;40.2929300000019;15.2221199999969;418
728848547;40.2929700000018;15.2226199999971;419
728848547;40.2929600000018;15.2227399999971;420
728848547;40.2928600000018;15.2228099999972;421
728848547;40.2927000000018;15.2228799999972;422
728848547;40.2926100000018;15.2228299999971;423
728848547;40.2924700000019;15.2224699999969;424
728848547;40.2922700000019;15.2221499999968;425
728848547;40.292070000002;15.2219099999966;426
728848547;40.291930000002;15.2218199999965;427
728848547;40.291770000002;15.2217699999965;428
728848547;40.291250000002;15.2218599999964;429
728848547;40.290770000002;15.2217599999963;430
728848547;40.290690000002;15.2217599999963;431
728848547;40.290610000002;15.2217999999963;432
728848547;40.2904900000019;15.2219199999963;433
728848547;40.2904000000019;15.2219699999963;434
728848547;40.2902800000019;15.2219799999963;435
728848547;40.2897800000019;15.2218999999962;436
728848547;40.2896300000019;15.2219399999962;437
728848547;40.2892300000018;15.2222899999963;438
728848547;40.2891500000018;15.2223299999963;439
728848547;40.2890700000018;15.2223299999963;440
728848547;40.2888100000018;15.2222399999962;441
728848547;40.2882400000018;15.222109999996;442
728848547;40.2879300000018;15.2219599999959;443
728848547;40.2878400000018;15.2219399999959;444
728848547;40.2875700000017;15.2219699999959;445
728848547;40.2873700000017;15.2218899999958;446
728848547;40.2872400000017;15.2217799999957;447
728848547;40.2868200000018;15.2213599999955;448
728848547;40.2865100000018;15.2210099999952;449
728848547;40.2863300000018;15.2209799999952;450
728848547;40.2862100000017;15.2210099999952;451
728848547;40.2861600000017;15.2210699999952;452
728848547;40.2858600000016;15.2216999999955;453
728848547;40.2857300000015;15.2221499999957;454
728848547;40.2856700000015;15.2222599999958;455
728848547;40.2855900000015;15.2223499999958;456
728848547;40.2854900000015;15.2223799999958;457
728848547;40.2850400000014;15.2223099999957;458
728848547;40.2848900000014;15.2223599999957;459
728848547;40.2848000000014;15.2224599999958;460
728848547;40.2846800000014;15.2226699999959;461
728848547;40.2845200000013;15.2231399999961;462
728848547;40.2844600000013;15.2232199999961;463
728848547;40.2844000000013;15.2232399999961;464
728848547;40.2843400000012;15.2232299999961;465
728848547;40.2843000000013;15.2231699999961;466
728848547;40.2842500000013;15.222969999996;467
728848547;40.2841400000013;15.2228499999959;468
728848547;40.2840700000013;15.2226199999958;469
728848547;40.2839700000013;15.2224299999957;470
728848547;40.2838600000013;15.2221099999955;471
728848547;40.2836200000014;15.2210399999949;472
728848547;40.2835700000014;15.2208799999948;473
728848547;40.2834500000014;15.2207199999947;474
728848547;40.2833100000014;15.2205999999946;475
728848547;40.2832100000014;15.2205699999946;476
728848547;40.2831400000014;15.2205799999946;477
728848547;40.2830900000013;15.2206199999946;478
728848547;40.2830300000013;15.2207299999947;479
728848547;40.2828400000013;15.2211399999949;480
728848547;40.2826500000012;15.221389999995;481
728848547;40.2822000000011;15.2218299999952;482
728848547;40.2820900000011;15.2219599999953;483
728848547;40.281970000001;15.2221499999954;484
728848547;40.2818200000009;15.2229199999957;485
728848547;40.2816600000009;15.2232599999959;486
728848547;40.2816400000009;15.2233699999959;487
728848547;40.2816400000009;15.2236999999961;488
728848547;40.2816800000008;15.2244499999964;489
728848547;40.2817000000008;15.2245899999965;490
728848547;40.2816700000008;15.2247499999966;491
728848547;40.2816000000008;15.2248199999966;492
728848547;40.2813100000007;15.2250199999966;493
728848547;40.2811300000007;15.2252099999967;494
728848547;40.2810400000007;15.2255299999968;495
728848547;40.2808400000006;15.2261399999971;496
728848547;40.2807800000006;15.2261999999971;497
728848547;40.2806300000006;15.2262499999971;498
728848547;40.2805900000006;15.2262399999971;499
728848547;40.2804400000006;15.226079999997;500
728848547;40.2803100000006;15.2258799999969;501
728848547;40.2802200000006;15.2257999999969;502
728848547;40.2797800000005;15.2255699999968;503
728848547;40.2796700000005;15.2255199999968;504
728848547;40.2795700000005;15.2254999999968;505
728848547;40.2794700000005;15.2255199999968;506
728848547;40.2791900000004;15.2257099999968;507
728848547;40.2789700000004;15.2259499999969;508
728848547;40.2788200000004;15.2260099999969;509
728848547;40.2787000000004;15.2259999999969;510
728848547;40.2786400000004;15.2259499999969;511
728848547;40.2785600000004;15.2257899999968;512
728848547;40.2784100000004;15.2252699999966;513
728848547;40.2782200000003;15.2250299999965;514
728848547;40.2781800000003;15.2249499999965;515
728848547;40.2781300000003;15.2247699999964;516
728848547;40.2781200000003;15.2246299999963;517
728848547;40.2779900000003;15.2243999999962;518
728848547;40.2778800000003;15.2243299999962;519
728848547;40.2776800000003;15.2243199999962;520
728848547;40.2775200000003;15.2243399999962;521
728848547;40.2773100000002;15.2243099999962;522
728848547;40.2770500000002;15.2241999999961;523
728848547;40.2768400000002;15.2240699999961;524
728848547;40.2767100000001;15.223959999996;525
728848547;40.2765400000001;15.2237199999959;526
728848547;40.2763000000001;15.2234799999958;527
728848547;40.27602;15.2232699999957;528
728848547;40.27568;15.2230599999956;529
728848547;40.27545;15.2228899999955;530
728848547;40.2752299999999;15.2226999999954;531
728848547;40.2750399999999;15.2224699999953;532
728848547;40.2750099999999;15.2224099999953;533
728848547;40.2745199999998;15.2234299999958;534
728848547;40.2743099999998;15.2244599999963;535
728848547;40.2742599999998;15.2245699999963;536
728848547;40.2739899999997;15.2249699999965;537
728848547;40.2736999999997;15.2252999999966;538
728848547;40.2732399999997;15.2259199999969;539
728848547;40.2732199999997;15.2260499999969;540
728848547;40.2732399999997;15.226239999997;541
728848547;40.2732999999997;15.2264299999971;542
728848547;40.2734699999997;15.2267999999972;543
728848547;40.2735299999997;15.2270499999973;544
728848547;40.2735799999997;15.2276699999975;545
728848547;40.2736599999998;15.2280999999976;546
728848547;40.2736899999998;15.2283399999977;547
728848547;40.2737999999998;15.2288499999979;548
728848547;40.2737899999998;15.2294799999981;549
728848547;40.2738499999998;15.2302199999983;550
728848547;40.2737499999999;15.2309999999985;551
728848547;40.2737499999999;15.2312599999985;552
728848547;40.2736799999998;15.2316799999986;553
728848547;40.2736599999999;15.2319599999987;554
728848547;40.2736599999999;15.2322099999987;555
728848547;40.2735999999998;15.2323599999988;556
728848547;40.2732599999998;15.2327899999989;557
728848547;40.2728999999998;15.233289999999;558
728848547;40.2726899999998;15.233619999999;559
728848547;40.2725899999998;15.2338799999991;560
728848547;40.2725399999998;15.2341399999991;561
728848547;40.2724899999998;15.2342199999991;562
728848547;40.2724799999998;15.2343899999992;563
728848547;40.2724999999998;15.2348499999992;564
728848547;40.2724599999998;15.2352199999993;565
728848547;40.2722999999998;15.2356099999994;566
728848547;40.2722899999998;15.2356899999994;567
728848547;40.2723099999999;15.2358299999994;568
728848547;40.2723899999999;15.2360299999994;569
728848547;40.2724499999999;15.2362499999994;570
728848547;40.2725199999999;15.2366899999995;571
728848547;40.2725199999999;15.2370399999995;572
728848547;40.2725399999999;15.2373299999996;573
728848547;40.2726299999999;15.2374899999996;574
728848547;40.2727399999999;15.2375699999996;575
728848547;40.2732699999999;15.2377699999996;576
728848547;40.2738799999999;15.2380999999996;577
728848547;40.2742299999999;15.2381299999996;578
728848547;40.27448;15.2384099999997;579
728848547;40.27452;15.2385199999997;580
728848547;40.27453;15.2385799999997;581
728848547;40.27452;15.2387699999997;582
728848547;40.27449;15.2389299999997;583
728848547;40.27445;15.2390099999997;584
728848547;40.2744;15.2390499999997;585
728848547;40.27432;15.2390499999997;586
728848547;40.274;15.2389999999997;587
728848547;40.2735999999999;15.2390699999997;588
728848547;40.2731599999999;15.2390399999997;589
728848547;40.2724999999999;15.2389399999997;590
728848547;40.2724099999999;15.2389599999997;591
728848547;40.2723599999999;15.2389999999997;592
728848547;40.2722699999999;15.2391199999997;593
728848547;40.2722499999999;15.2401899999998;594
728848547;40.2722299999999;15.2403199999998;595
728848547;40.2719399999999;15.2412499999999;596
728848547;40.2718399999999;15.2414999999999;597
728848547;40.27171;15.2417399999999;598
728848547;40.27165;15.2417899999999;599
728848547;40.2712;15.2418099999999;600
728848547;40.2710799999999;15.2418399999999;601
728848547;40.2710399999999;15.2418599999999;602
728848547;40.2709599999999;15.2419499999999;603
728848547;40.2708799999999;15.2420799999999;604
728848547;40.27087;15.2424399999999;605
728848547;40.2709;15.24288;606
728848547;40.27089;15.24313;607
728848547;40.27081;15.24363;608
728848547;40.27062;15.24406;609
728848547;40.27052;15.24434;610
728848547;40.27033;15.24477;611
728848547;40.27012;15.24531;612
728848547;40.27004;15.2454;613
728848547;40.26995;15.24543;614
728848547;40.26967;15.24542;615
728848547;40.26905;15.24518;616
728848547;40.26888;15.24506;617
728848547;40.26862;15.24491;618
728848547;40.26836;15.24487;619
728848547;40.26831;15.24489;620
728848547;40.2682400000001;15.24495;621
728848547;40.2680000000001;15.24562;622
728848547;40.2679900000001;15.24569;623
728848547;40.2677900000001;15.24631;624
728848547;40.2677700000001;15.24671;625
728848547;40.2676900000001;15.24705;626
728848547;40.2675500000001;15.2475;627
728848547;40.2674600000001;15.24805;628
728848547;40.2674600000001;15.24877;629
728848547;40.2674100000001;15.24915;630
728848547;40.2673100000001;15.24955;631
728848547;40.2671800000001;15.25022;632
728848547;40.2669300000001;15.25053;633
728848547;40.2668700000001;15.25112;634
728848547;40.2668100000002;15.25123;635
728848547;40.2666000000002;15.25137;636
728848547;40.2663800000002;15.25155;637
728848547;40.2662000000002;15.25174;638
728848547;40.2653000000003;15.25205;639
728848547;40.2651000000003;15.25215;640
728848547;40.2649100000002;15.2522899999999;641
728848547;40.2647900000003;15.2523399999999;642
728848547;40.2638400000003;15.2525099999999;643
728848547;40.2636000000004;15.2524999999999;644
728848547;40.2633300000004;15.2524199999999;645
728848547;40.2631800000004;15.2523999999999;646
728848547;40.2628000000004;15.2525699999999;647
728848547;40.2625700000005;15.2525199999999;648
728848547;40.2622100000005;15.2522699999999;649
728848547;40.2620600000005;15.2522499999999;650
728848547;40.2613500000006;15.2520599999999;651
728848547;40.2612200000006;15.2520699999999;652
728848547;40.2610900000007;15.2521099999999;653
728848547;40.2609800000007;15.2521999999999;654
728848547;40.2609000000007;15.2524299999999;655
728848547;40.2609500000007;15.2527699999999;656
728848547;40.2609400000007;15.2529199999999;657
728848547;40.2608800000007;15.2531299999999;658
728848547;40.2607700000007;15.2533799999998;659
728848547;40.2607800000007;15.2537599999998;660
728848547;40.2607100000006;15.2541499999998;661
728848547;40.2607300000007;15.2542999999998;662
728848547;40.2607900000007;15.2544199999998;663
728848547;40.2610100000006;15.2546199999998;664
728848547;40.2612600000006;15.2550499999998;665
728848547;40.2613700000005;15.2554399999998;666
728848547;40.2613700000005;15.2556299999998;667
728848547;40.2613400000005;15.2558699999998;668
728848547;40.2613300000005;15.2561199999998;669
728848547;40.2613600000005;15.2562899999998;670
728848547;40.2614400000005;15.2565199999998;671
728848547;40.2615700000005;15.2568099999998;672
728848547;40.2616000000005;15.2569399999998;673
728848547;40.2615600000004;15.2572599999998;674
728848547;40.2612700000004;15.2582299999998;675
728848547;40.2610100000004;15.2589799999997;676
728848547;40.2608500000004;15.2592899999997;677
728848547;40.2607900000004;15.2594599999997;678
728848547;40.2608100000004;15.2596299999997;679
728848547;40.2609300000004;15.2601399999998;680
728848547;40.2609200000003;15.2602499999998;681
728848547;40.2606800000003;15.2609799999998;682
728848547;40.2604400000003;15.2613099999998;683
728848547;40.2603600000003;15.2615099999998;684
728848547;40.2603700000003;15.2620099999998;685
728848547;40.2603500000003;15.2621699999998;686
728848547;40.2600900000003;15.2622599999998;687
728848547;40.2599800000003;15.2622599999998;688
728848547;40.2599200000003;15.2622199999998;689
728848547;40.2598000000003;15.2620299999997;690
728848547;40.2593100000005;15.2611399999997;691
728848547;40.2588900000006;15.2606899999996;692
728848547;40.2587400000006;15.2605899999996;693
728848547;40.2585800000006;15.2605499999996;694
728848547;40.2584000000007;15.2605499999996;695
728848547;40.2581300000007;15.2605799999996;696
728848547;40.2577000000008;15.2607399999995;697
728848547;40.2575600000008;15.2608399999995;698
728848547;40.2574500000008;15.2609499999995;699
728848547;40.2571200000008;15.2613299999995;700
728848547;40.2570500000009;15.2613499999995;701
728848547;40.2569900000009;15.2613499999995;702
728848547;40.2569100000009;15.2613199999995;703
728848547;40.256630000001;15.2610599999994;704
728848547;40.256470000001;15.2609899999994;705
728848547;40.256350000001;15.2609799999994;706
728848547;40.256270000001;15.2609899999994;707
728848547;40.2562100000011;15.2610199999994;708
728848547;40.2559000000011;15.2612299999994;709
728848547;40.2558000000011;15.2612799999994;710
728848547;40.2557200000011;15.2612899999994;711
728848547;40.2553000000012;15.2611899999993;712
728848547;40.2551800000013;15.2611999999993;713
728848547;40.2550800000013;15.2612799999993;714
728848547;40.2550600000013;15.2613899999993;715
728848547;40.2550600000013;15.2614899999993;716
728848547;40.2551200000012;15.2618699999993;717
728848547;40.2551100000012;15.2623299999993;718
728848547;40.2549400000011;15.2630799999993;719
728848547;40.2548500000011;15.2633999999993;720
728848547;40.2548100000011;15.2634799999993;721
728848547;40.2544900000011;15.2637099999993;722
728848547;40.2543800000012;15.2637299999992;723
728848547;40.2543000000012;15.2637099999992;724
728848547;40.2537600000014;15.2634699999992;725
728848547;40.2536700000014;15.2634599999992;726
728848547;40.2535800000014;15.2635399999991;727
728848547;40.2535300000014;15.2636199999991;728
728848547;40.2535100000014;15.2637099999991;729
728848547;40.2535000000014;15.2639699999991;730
728848547;40.2534400000014;15.2640799999991;731
728848547;40.2527300000015;15.2647499999991;732
728848547;40.2526600000015;15.2648599999991;733
728848547;40.2526500000015;15.264929999999;734
728848547;40.2526700000014;15.2650799999991;735
728848547;40.2527300000014;15.2653799999991;736
728848547;40.2527300000013;15.2656199999991;737
728848547;40.2527000000013;15.2657899999991;738
728848547;40.2525400000013;15.2659999999991;739
728848547;40.2520800000014;15.266419999999;740
728848547;40.2519400000014;15.266659999999;741
728848547;40.2518800000014;15.266969999999;742
728848547;40.2518300000014;15.266979999999;743
728848547;40.2516000000014;15.267169999999;744
728848547;40.2515100000014;15.267169999999;745
728848547;40.2514500000015;15.267129999999;746
728848547;40.2514100000015;15.267059999999;747
728848547;40.2513200000016;15.2666499999989;748
728848547;40.2511000000018;15.2659499999989;749
728848547;40.2510500000018;15.2658699999988;750
728848547;40.2500500000024;15.2647799999987;751
728848547;40.2500200000024;15.2647499999986;752
728848547;40.2499800000024;15.2647399999986;753
728848547;40.2499400000024;15.2647699999986;754
728848547;40.2498900000024;15.2648499999986;755
728848547;40.2498700000024;15.2649099999986;756
728848547;40.2498900000024;15.2649999999986;757
728848547;40.2499200000024;15.2650599999986;758
728848547;40.2501900000022;15.2652799999987;759
728848547;40.2502400000022;15.2653599999987;760
728848547;40.2503400000021;15.2657599999987;761
728848547;40.250350000002;15.2660499999987;762
728848547;40.250340000002;15.2663799999987;763
728848547;40.2503700000019;15.2666199999988;764
728848547;40.2504800000019;15.2667599999988;765
728848547;40.2500600000019;15.2673599999987;766
728848547;40.2497800000019;15.2677199999987;767
728848547;40.2495200000019;15.2679899999987;768
728848547;40.249330000002;15.2679099999986;769
728848547;40.2488800000022;15.2678299999985;770
728848547;40.2487000000023;15.2677699999985;771
728848547;40.2486100000024;15.2676399999985;772
728848547;40.2484700000024;15.2675399999984;773
728848547;40.2483900000025;15.2675099999984;774
728848547;40.2483000000025;15.2675599999984;775
728848547;40.2481400000025;15.2677899999984;776
728848547;40.2478500000026;15.2681499999983;777
728848547;40.2475100000026;15.2685399999983;778
728848547;40.2472600000026;15.2689499999983;779
728848547;40.2471700000027;15.2690199999982;780
728848547;40.2470600000027;15.2690499999982;781
728848547;40.2468900000028;15.2690299999982;782
728848547;40.2463000000031;15.268729999998;783
728848547;40.2462000000032;15.268709999998;784
728848547;40.2461200000032;15.268719999998;785
728848547;40.2460700000032;15.268769999998;786
728848547;40.2457000000032;15.2697599999979;787
728848547;40.2455100000031;15.2703299999979;788
728848547;40.2453200000031;15.2706499999979;789
728848547;40.2449600000032;15.2708499999978;790
728848547;40.2448600000032;15.2709499999978;791
728848547;40.2448000000032;15.2711299999978;792
728848547;40.2446700000031;15.2716399999978;793
728848547;40.2445900000031;15.2717699999978;794
728848547;40.2443800000032;15.2718899999978;795
728848547;40.2440300000033;15.2721699999977;796
728848547;40.2436500000034;15.2725199999976;797
728848547;40.2435900000034;15.2725999999976;798
728848547;40.2435100000034;15.2727699999976;799
728848547;40.2433500000032;15.2734999999977;800
728848547;40.243350000003;15.2740399999977;801
728848547;40.2433900000029;15.2745199999978;802
728848547;40.2434700000027;15.2748099999979;803
728848547;40.2437000000024;15.2753699999981;804
728848547;40.2437300000023;15.2755099999982;805
728848547;40.2437300000023;15.2755999999982;806
728848547;40.2436800000023;15.2757399999982;807
728848547;40.2435600000023;15.2757999999982;808
728848547;40.2430700000025;15.275929999998;809
728848547;40.2429000000025;15.276069999998;810
728848547;40.2428400000025;15.276239999998;811
728848547;40.2428000000025;15.276409999998;812
728848547;40.2423100000027;15.2766299999979;813
728848547;40.2421900000027;15.2767399999979;814
728848547;40.2421200000026;15.2769399999979;815
728848547;40.2421100000025;15.277169999998;816
728848547;40.2420700000025;15.277389999998;817
728848547;40.2419900000025;15.277509999998;818
728848547;40.2414300000026;15.2778799999979;819
728848547;40.2411700000026;15.2783399999979;820
728848547;40.2411200000025;15.2785499999979;821
728848547;40.2411300000025;15.278669999998;822
728848547;40.2412100000023;15.278809999998;823
728848547;40.2414800000022;15.2789099999982;824
728848547;40.241690000002;15.2789299999983;825
728848547;40.2420000000019;15.2788899999984;826
728848547;40.2420400000018;15.2789299999984;827
728848547;40.2420600000018;15.2789999999985;828
728848547;40.2420500000018;15.2790699999985;829
728848547;40.2419000000018;15.2791099999984;830
728848547;40.2414500000021;15.2791799999983;831
728848547;40.2410600000023;15.2791499999981;832
728848547;40.2407800000025;15.2790499999979;833
728848547;40.2407000000026;15.2789599999979;834
728848547;40.2406700000027;15.2788399999978;835
728848547;40.2406800000028;15.2785699999977;836
728848547;40.2406500000028;15.2784799999977;837
728848547;40.2406200000029;15.2784499999977;838
728848547;40.2405800000029;15.2784499999977;839
728848547;40.2405300000029;15.2785799999977;840
728848547;40.2405100000027;15.2788899999978;841
728848547;40.2405400000026;15.2791099999978;842
728848547;40.2406000000025;15.2792199999979;843
728848547;40.2406900000024;15.279299999998;844
728848547;40.2410100000022;15.2794399999982;845
728848547;40.2411100000021;15.2795199999982;846
728848547;40.241150000002;15.2796099999983;847
728848547;40.241160000002;15.2796999999983;848
728848547;40.2411600000019;15.2798199999983;849
728848547;40.2409800000019;15.2801799999984;850
728848547;40.2409400000018;15.2803699999984;851
728848547;40.2409700000016;15.2806899999986;852
728848547;40.2409300000015;15.2809099999986;853
728848547;40.2405800000016;15.2812699999986;854
728848547;40.2402300000016;15.2815999999986;855
728848547;40.2396400000017;15.2820099999985;856
728848547;40.2394900000018;15.2820499999984;857
728848547;40.2393800000019;15.2820499999984;858
728848547;40.2390000000022;15.2819399999981;859
728848547;40.2387600000023;15.282029999998;860
728848547;40.2385300000024;15.2820899999979;861
728848547;40.2384000000025;15.2820799999979;862
728848547;40.2379200000029;15.2819099999976;863
728848547;40.2375600000033;15.2816599999973;864
728848547;40.2373500000035;15.2815499999971;865
728848547;40.2371500000037;15.281489999997;866
728848547;40.2370000000039;15.2813699999969;867
728848547;40.236810000004;15.2812799999968;868
728848547;40.2367200000042;15.2811799999967;869
728848547;40.2365200000045;15.2808099999965;870
728848547;40.2363100000051;15.2800799999961;871
728848547;40.2362600000052;15.2799999999961;872
728848547;40.2352800000063;15.2793199999954;873
728848547;40.234680000007;15.2791099999951;874
728848547;40.2343100000074;15.2789299999949;875
728848547;40.2338400000079;15.2787499999946;876
728848547;40.2336300000081;15.2787499999945;877
728848547;40.2332400000084;15.2789699999943;878
728848547;40.2329800000086;15.2790699999942;879
728848547;40.2328500000087;15.2791499999942;880
728848547;40.2325300000092;15.2787399999939;881
728848547;40.2324800000093;15.2786099999939;882
728848547;40.2324700000094;15.2785099999939;883
728848547;40.2325800000096;15.2779599999938;884
728848547;40.2326800000098;15.2773599999938;885
728848547;40.2326700000099;15.2772099999938;886
728848547;40.2325800000102;15.2767999999937;887
728848547;40.2325400000104;15.2764799999937;888
728848547;40.2325900000106;15.2760699999937;889
728848547;40.2327900000105;15.2756899999937;890
728848547;40.2330200000106;15.2751299999938;891
728848547;40.2332000000107;15.2745399999939;892
728848547;40.2333000000107;15.2742599999939;893
728848547;40.2340100000106;15.2729499999942;894
728848547;40.2341300000106;15.2724999999943;895
728848547;40.2341400000107;15.2723799999943;896
728848547;40.2341000000109;15.2719199999943;897
728848547;40.2338800000114;15.2713599999943;898
728848547;40.2337600000117;15.2708999999942;899
728848547;40.2337000000118;15.2707899999942;900
728848547;40.2336300000118;15.2707799999942;901
728848547;40.2330500000135;15.2678999999944;902
728848547;40.2328400000141;15.2669999999945;903
728848547;40.2327500000142;15.2667199999945;904
728848547;40.2325900000145;15.2664999999945;905
728848547;40.2324900000146;15.2663899999945;906
728848547;40.2323300000149;15.2662699999945;907
728848547;40.2305100000174;15.2652599999942;908
728848547;40.2305600000174;15.2650799999943;909
728848547;40.2308600000171;15.2646099999945;910
728848547;40.2311100000169;15.2643899999946;911
728848547;40.23084821532;15.2641786613919;912