shape_id;shape_pt_lat;shape_pt_lon;shape_pt_sequence
2318691938;40.2308482153092;15.2641786614126;1
2318691938;40.2308100000065;15.2641500000152;2
2318691938;40.2305800000064;15.2640800000152;3
2318691938;40.2304200000064;15.2640800000153;4
2318691938;40.2303100000064;15.2641100000154;5
2318691938;40.2302100000064;15.2640700000153;6
2318691938;40.2300200000064;15.2643100000157;7
2318691938;40.2297000000064;15.2646500000162;8
2318691938;40.2300300000066;15.2649500000165;9
2318691938;40.2305100000068;15.2652600000167;10
2318691938;40.2323300000076;15.2662700000173;11
2318691938;40.2324900000077;15.2663900000174;12
2318691938;40.2325900000078;15.2665000000175;13
2318691938;40.2327500000079;15.2667200000178;14
2318691938;40.232840000008;15.2670000000181;15
2318691938;40.2330500000085;15.2679000000193;16
2318691938;40.2338800000106;15.2720000000252;17
2318691938;40.2339000000108;15.2722500000256;18
2318691938;40.2338500000109;15.2726200000263;19
2318691938;40.233760000011;15.2728800000267;20
2318691938;40.2336700000111;15.2730600000271;21
2318691938;40.2333900000112;15.2733800000278;22
2318691938;40.2331600000112;15.2735400000282;23
2318691938;40.2329800000111;15.2736300000284;24
2318691938;40.2327100000111;15.2736700000286;25
2318691938;40.2324700000109;15.2736100000286;26
2318691938;40.2323000000109;15.2735500000286;27
2318691938;40.2321500000107;15.2734700000285;28
2318691938;40.2313200000102;15.2729300000279;29
2318691938;40.2312400000101;15.2728100000277;30
2318691938;40.23119000001;15.2726100000274;31
2318691938;40.23104000001;15.2727300000277;32
2318691938;40.2308600000099;15.2727500000278;33
2318691938;40.2303700000097;15.2726300000278;34
2318691938;40.2299900000095;15.2725600000278;35
2318691938;40.2298100000094;15.2724900000278;36
2318691938;40.2295400000092;15.2723500000276;37
2318691938;40.229160000009;15.2719800000271;38
2318691938;40.2288000000086;15.2715500000265;39
2318691938;40.2286400000085;15.2714500000264;40
2318691938;40.2284600000084;15.2714000000264;41
2318691938;40.2278500000081;15.2713100000265;42
2318691938;40.2269500000077;15.2711400000265;43
2318691938;40.2263900000075;15.2710800000266;44
2318691938;40.2255700000071;15.2711400000269;45
2318691938;40.2247500000068;15.2713200000274;46
2318691938;40.2235300000063;15.2718300000286;47
2318691938;40.2231300000061;15.2719600000289;48
2318691938;40.222930000006;15.2719300000289;49
2318691938;40.2220000000055;15.2718900000291;50
2318691938;40.2215000000052;15.2718500000291;51
2318691938;40.2211600000051;15.2719300000293;52
2318691938;40.221020000005;15.2720100000295;53
2318691938;40.2208400000049;15.2721500000298;54
2318691938;40.2198900000045;15.2726700000308;55
2318691938;40.2191900000042;15.2731000000317;56
2318691938;40.218790000004;15.2733700000323;57
2318691938;40.2185300000039;15.2735100000326;58
2318691938;40.2183600000038;15.2736700000329;59
2318691938;40.2182700000037;15.2738400000333;60
2318691938;40.2182400000038;15.2739600000335;61
2318691938;40.2182400000038;15.2740400000336;62
2318691938;40.2182700000038;15.2741500000338;63
2318691938;40.2183400000039;15.274260000034;64
2318691938;40.2184600000039;15.2743500000342;65
2318691938;40.2195000000047;15.2747500000348;66
2318691938;40.2202800000052;15.2751500000355;67
2318691938;40.2204200000053;15.2752800000357;68
2318691938;40.2205100000054;15.275450000036;69
2318691938;40.2205600000055;15.2756200000364;70
2318691938;40.2205600000055;15.2757500000366;71
2318691938;40.2205400000055;15.2758900000369;72
2318691938;40.2204500000055;15.2761400000374;73
2318691938;40.2202500000054;15.2763300000379;74
2318691938;40.2199200000052;15.2765200000383;75
2318691938;40.2184200000044;15.2773000000402;76
2318691938;40.2182200000042;15.2774700000406;77
2318691938;40.2179800000041;15.2778500000415;78
2318691938;40.2175000000039;15.2787300000435;79
2318691938;40.2173400000038;15.278950000044;80
2318691938;40.2172000000037;15.2790700000443;81
2318691938;40.2170600000036;15.2791200000444;82
2318691938;40.2169400000035;15.2791100000444;83
2318691938;40.2167900000034;15.2790500000443;84
2318691938;40.2164900000032;15.2788800000439;85
2318691938;40.2164200000031;15.2787700000437;86
2318691938;40.2164100000031;15.2785800000433;87
2318691938;40.2164700000029;15.2769400000397;88
2318691938;40.2164500000029;15.2767900000394;89
2318691938;40.2163600000028;15.2765600000389;90
2318691938;40.2162200000027;15.2760800000379;91
2318691938;40.2162400000026;15.2752200000362;92
2318691938;40.2162100000026;15.2749500000356;93
2318691938;40.2161200000025;15.2748000000353;94
2318691938;40.2159800000024;15.2746500000351;95
2318691938;40.2157300000022;15.2745100000348;96
2318691938;40.2155800000021;15.2743800000346;97
2318691938;40.215490000002;15.2742500000343;98
2318691938;40.2152900000019;15.2738000000335;99
2318691938;40.2152000000018;15.2736600000332;100
2318691938;40.2150600000017;15.2735100000329;101
2318691938;40.2148900000016;15.2734300000328;102
2318691938;40.2140500000011;15.2729000000319;103
2318691938;40.2137900000009;15.2728500000318;104
2318691938;40.2135800000008;15.2727700000317;105
2318691938;40.2134600000007;15.2726900000315;106
2318691938;40.2128800000003;15.2720200000303;107
2318691938;40.21234;15.2712100000289;108
2318691938;40.21228;15.2711500000288;109
2318691938;40.2121599999999;15.2711300000288;110
2318691938;40.2120099999998;15.2712100000289;111
2318691938;40.2116999999997;15.27186000003;112
2318691938;40.2114399999995;15.2722600000307;113
2318691938;40.2111199999993;15.2726900000315;114
2318691938;40.210759999999;15.2733500000327;115
2318691938;40.2105499999989;15.274030000034;116
2318691938;40.2102699999987;15.2748400000355;117
2318691938;40.2101799999986;15.2754800000368;118
2318691938;40.2100499999985;15.2759700000378;119
2318691938;40.2098799999983;15.2763400000386;120
2318691938;40.2096299999981;15.276560000039;121
2318691938;40.2093599999979;15.276560000039;122
2318691938;40.2087299999975;15.276100000038;123
2318691938;40.2084499999974;15.2760100000378;124
2318691938;40.2082599999972;15.2760700000379;125
2318691938;40.2080499999971;15.2762400000382;126
2318691938;40.2074999999966;15.2769000000395;127
2318691938;40.206729999996;15.2777500000413;128
2318691938;40.2061299999954;15.2784600000427;129
2318691938;40.2060999999954;15.278580000043;130
2318691938;40.2060999999954;15.2787300000433;131
2318691938;40.2062799999954;15.2791200000443;132
2318691938;40.2062999999954;15.2793000000447;133
2318691938;40.2062399999953;15.2795400000452;134
2318691938;40.2061199999952;15.279900000046;135
2318691938;40.2059999999951;15.2800300000463;136
2318691938;40.2054999999946;15.280330000047;137
2318691938;40.2054199999946;15.2804300000472;138
2318691938;40.2053899999945;15.2805500000475;139
2318691938;40.2053699999944;15.280770000048;140
2318691938;40.2055199999944;15.2818700000507;141
2318691938;40.2056199999944;15.2822300000517;142
2318691938;40.2056299999944;15.2824000000521;143
2318691938;40.2055699999943;15.2825300000524;144
2318691938;40.205329999994;15.2826300000526;145
2318691938;40.2049599999937;15.2827500000529;146
2318691938;40.2047999999936;15.2827400000528;147
2318691938;40.2047099999935;15.2826900000527;148
2318691938;40.2046299999935;15.2826200000525;149
2318691938;40.2045299999934;15.2824900000521;150
2318691938;40.2044299999934;15.2822800000516;151
2318691938;40.2043299999934;15.2819100000506;152
2318691938;40.2042199999933;15.2817700000502;153
2318691938;40.2041299999933;15.2817600000502;154
2318691938;40.2040799999932;15.2817800000502;155
2318691938;40.2039799999931;15.2818600000504;156
2318691938;40.2038199999929;15.2820700000509;157
2318691938;40.2036899999928;15.2821600000511;158
2318691938;40.2034199999926;15.2822300000512;159
2318691938;40.2030799999923;15.2822700000512;160
2318691938;40.2028699999921;15.2822500000511;161
2318691938;40.2027399999921;15.2821700000509;162
2318691938;40.202659999992;15.2820700000506;163
2318691938;40.202609999992;15.2819500000503;164
2318691938;40.202619999992;15.2818500000501;165
2318691938;40.2026399999921;15.2817400000498;166
2318691938;40.2027499999922;15.2814500000491;167
2318691938;40.2027999999924;15.2812300000486;168
2318691938;40.2027999999924;15.2811300000483;169
2318691938;40.2027399999924;15.2808400000476;170
2318691938;40.2026699999924;15.2806700000472;171
2318691938;40.2026599999924;15.2805400000469;172
2318691938;40.2026899999925;15.2804700000467;173
2318691938;40.2028399999926;15.2803500000465;174
2318691938;40.2029399999927;15.2802200000462;175
2318691938;40.2029899999928;15.2800600000458;176
2318691938;40.2029999999929;15.2797700000451;177
2318691938;40.2029799999929;15.2795500000446;178
2318691938;40.2029099999929;15.2792600000439;179
2318691938;40.2024099999929;15.278010000041;180
2318691938;40.2023099999929;15.2778000000405;181
2318691938;40.2021999999929;15.2776300000401;182
2318691938;40.2020299999928;15.2774800000398;183
2318691938;40.2017099999926;15.2773600000394;184
2318691938;40.2015699999925;15.2773400000394;185
2318691938;40.2013999999924;15.2773500000393;186
2318691938;40.2010199999921;15.2775000000396;187
2318691938;40.2006399999919;15.2774600000394;188
2318691938;40.2004899999918;15.2774900000394;189
2318691938;40.2003799999917;15.2775600000395;190
2318691938;40.2000399999914;15.2779100000402;191
2318691938;40.1999499999913;15.2779600000402;192
2318691938;40.1998399999912;15.2779900000403;193
2318691938;40.199449999991;15.2779600000401;194
2318691938;40.1992999999909;15.2779700000401;195
2318691938;40.1991299999907;15.2780500000402;196
2318691938;40.1989799999906;15.2781600000404;197
2318691938;40.1988499999905;15.2782100000404;198
2318691938;40.1988499999905;15.2781700000404;199
2318691938;40.1988899999906;15.2781100000402;200
2318691938;40.1989699999906;15.2780400000401;201
2318691938;40.199379999991;15.2777700000397;202
2318691938;40.1998299999914;15.2775100000392;203
2318691938;40.1999899999915;15.277370000039;204
2318691938;40.2001199999916;15.2772100000387;205
2318691938;40.2007799999921;15.2768600000381;206
2318691938;40.2009499999923;15.2768200000381;207
2318691938;40.2010599999923;15.2768200000381;208
2318691938;40.2011499999924;15.2767900000381;209
2318691938;40.2012099999924;15.276740000038;210
2318691938;40.2012199999925;15.2765900000377;211
2318691938;40.2011799999925;15.2764900000375;212
2318691938;40.2010999999925;15.2764100000373;213
2318691938;40.2009399999924;15.2763300000371;214
2318691938;40.2004899999921;15.2762600000368;215
2318691938;40.2003099999921;15.2761900000366;216
2318691938;40.200159999992;15.2760600000363;217
2318691938;40.199909999992;15.2756300000354;218
2318691938;40.199899999992;15.2755100000351;219
2318691938;40.2000399999923;15.2747500000337;220
2318691938;40.2000399999924;15.2746600000335;221
2318691938;40.1999799999923;15.2746200000334;222
2318691938;40.1998599999923;15.2746000000333;223
2318691938;40.1997199999922;15.2745400000332;224
2318691938;40.1996499999922;15.274470000033;225
2318691938;40.1994499999923;15.273970000032;226
2318691938;40.1993499999922;15.2738500000318;227
2318691938;40.1992599999922;15.2737800000316;228
2318691938;40.198939999992;15.2738000000316;229
2318691938;40.198809999992;15.2737400000314;230
2318691938;40.198699999992;15.2735700000311;231
2318691938;40.198649999992;15.2734500000308;232
2318691938;40.198639999992;15.2733200000306;233
2318691938;40.1986999999921;15.2732000000304;234
2318691938;40.1989999999924;15.27291000003;235
2318691938;40.1990099999924;15.2727900000297;236
2318691938;40.1989899999924;15.2726600000295;237
2318691938;40.1982999999924;15.2717700000277;238
2318691938;40.1981899999924;15.2715900000274;239
2318691938;40.1981299999924;15.2713900000271;240
2318691938;40.1981399999925;15.2711900000267;241
2318691938;40.1981699999925;15.2711000000266;242
2318691938;40.1982299999926;15.2710300000265;243
2318691938;40.1985099999927;15.2708900000263;244
2318691938;40.1986299999928;15.2707900000262;245
2318691938;40.1987099999929;15.270670000026;246
2318691938;40.198739999993;15.2705200000258;247
2318691938;40.1987199999932;15.2697900000246;248
2318691938;40.1986499999933;15.2692600000238;249
2318691938;40.1986099999933;15.2690900000235;250
2318691938;40.1985399999934;15.2689300000232;251
2318691938;40.1984499999934;15.268800000023;252
2318691938;40.1981199999933;15.2685200000225;253
2318691938;40.1980799999933;15.2684600000224;254
2318691938;40.1980599999933;15.2683900000223;255
2318691938;40.1980499999934;15.2682800000221;256
2318691938;40.1981399999935;15.2679000000216;257
2318691938;40.1981499999935;15.2678000000214;258
2318691938;40.1981599999937;15.2673400000208;259
2318691938;40.1981199999938;15.26682000002;260
2318691938;40.1980499999939;15.2665200000196;261
2318691938;40.1978599999939;15.266100000019;262
2318691938;40.197819999994;15.2659000000187;263
2318691938;40.1979099999942;15.265350000018;264
2318691938;40.1978699999942;15.2650600000176;265
2318691938;40.1977499999943;15.2647700000172;266
2318691938;40.1974399999944;15.2641200000163;267
2318691938;40.1972099999945;15.2635800000156;268
2318691938;40.1971199999945;15.2634500000154;269
2318691938;40.1970399999945;15.2633900000153;270
2318691938;40.1967499999945;15.2633000000152;271
2318691938;40.1966299999945;15.263170000015;272
2318691938;40.1962799999946;15.262450000014;273
2318691938;40.1962099999947;15.2622300000138;274
2318691938;40.1962399999947;15.2619700000135;275
2318691938;40.1963099999948;15.2617200000133;276
2318691938;40.1963299999949;15.261500000013;277
2318691938;40.196309999995;15.2612300000127;278
2318691938;40.1959299999953;15.2597000000111;279
2318691938;40.1958799999954;15.2593300000107;280
2318691938;40.1959099999956;15.2588800000103;281
2318691938;40.1958699999956;15.25851000001;282
2318691938;40.1957499999958;15.2579800000095;283
2318691938;40.1957299999959;15.2576300000092;284
2318691938;40.195819999996;15.257390000009;285
2318691938;40.195939999996;15.2572500000089;286
2318691938;40.1959699999961;15.2570000000087;287
2318691938;40.1959799999962;15.2564900000083;288
2318691938;40.1959499999962;15.2563600000082;289
2318691938;40.1958799999963;15.2562700000081;290
2318691938;40.1957399999963;15.256170000008;291
2318691938;40.1955799999963;15.2561000000079;292
2318691938;40.1954199999963;15.2560900000078;293
2318691938;40.1950899999962;15.2560900000077;294
2318691938;40.1947699999962;15.2561900000077;295
2318691938;40.1946699999961;15.2562400000077;296
2318691938;40.1943499999961;15.2564500000078;297
2318691938;40.194199999996;15.256690000008;298
2318691938;40.1940999999959;15.2568900000081;299
2318691938;40.1940299999958;15.2572300000084;300
2318691938;40.1940199999957;15.2575700000086;301
2318691938;40.1939899999957;15.2576700000087;302
2318691938;40.1939399999957;15.2577400000087;303
2318691938;40.1938399999956;15.2578100000088;304
2318691938;40.1932499999955;15.2579900000088;305
2318691938;40.1931599999955;15.2579600000087;306
2318691938;40.1930999999955;15.2579000000086;307
2318691938;40.1930199999954;15.2581600000088;308
2318691938;40.1930399999954;15.258310000009;309
2318691938;40.1932999999953;15.2586800000094;310
2318691938;40.1933499999952;15.2588800000096;311
2318691938;40.1933699999951;15.2591900000099;312
2318691938;40.1933599999951;15.2594100000101;313
2318691938;40.193279999995;15.2595100000101;314
2318691938;40.193189999995;15.2595000000101;315
2318691938;40.193119999995;15.25942000001;316
2318691938;40.1929999999951;15.2591000000097;317
2318691938;40.1928999999951;15.2590400000096;318
2318691938;40.1925199999951;15.2590100000094;319
2318691938;40.1923999999951;15.2589600000093;320
2318691938;40.1923299999951;15.2589000000093;321
2318691938;40.1922599999952;15.2588100000092;322
2318691938;40.1920299999953;15.2584200000087;323
2318691938;40.1918999999953;15.2583100000086;324
2318691938;40.1916799999953;15.2582400000085;325
2318691938;40.1914399999953;15.2582600000084;326
2318691938;40.1911999999953;15.2583100000084;327
2318691938;40.1910699999953;15.2582900000083;328
2318691938;40.1907799999954;15.258010000008;329
2318691938;40.1906499999955;15.2578300000078;330
2318691938;40.1905599999955;15.2577500000077;331
2318691938;40.1904599999955;15.2577500000077;332
2318691938;40.1902799999954;15.2578600000077;333
2318691938;40.1903299999954;15.2580100000078;334
2318691938;40.1902899999953;15.258260000008;335
2318691938;40.1901199999951;15.2588600000085;336
2318691938;40.190109999995;15.2590800000087;337
2318691938;40.1900899999949;15.2591600000087;338
2318691938;40.1900299999949;15.2592700000088;339
2318691938;40.1899699999949;15.2593000000088;340
2318691938;40.1896399999949;15.2592900000087;341
2318691938;40.1895399999949;15.2593100000087;342
2318691938;40.1894599999948;15.2594100000087;343
2318691938;40.1893399999948;15.2595000000087;344
2318691938;40.1892799999948;15.2595000000087;345
2318691938;40.1891999999948;15.2594300000086;346
2318691938;40.189099999995;15.2590500000083;347
2318691938;40.189029999995;15.2589500000081;348
2318691938;40.1886299999951;15.2586800000078;349
2318691938;40.1882099999953;15.2582500000072;350
2318691938;40.1878599999955;15.2579700000069;351
2318691938;40.1876299999956;15.2578300000067;352
2318691938;40.1874899999956;15.2578300000066;353
2318691938;40.1871699999955;15.2579600000066;354
2318691938;40.1868599999956;15.2579400000065;355
2318691938;40.1862199999957;15.2578500000061;356
2318691938;40.1855399999958;15.2577000000057;357
2318691938;40.1850999999959;15.2576500000055;358
2318691938;40.184329999996;15.2577500000052;359
2318691938;40.1841899999961;15.2576200000051;360
2318691938;40.1840999999962;15.257560000005;361
2318691938;40.1840299999962;15.257560000005;362
2318691938;40.1839099999961;15.257720000005;363
2318691938;40.1837499999959;15.2581900000053;364
2318691938;40.1836799999958;15.2585300000055;365
2318691938;40.1836099999958;15.2586200000056;366
2318691938;40.1834999999958;15.2586400000055;367
2318691938;40.1833699999958;15.2585900000054;368
2318691938;40.1824699999964;15.2578700000045;369
2318691938;40.1822399999965;15.2577200000043;370
2318691938;40.1821399999966;15.2576800000042;371
2318691938;40.1818999999966;15.2577200000041;372
2318691938;40.1814999999968;15.2577000000039;373
2318691938;40.1812899999968;15.2577800000038;374
2318691938;40.1812399999967;15.2579200000039;375
2318691938;40.1812099999965;15.2583300000042;376
2318691938;40.1812099999964;15.2585500000044;377
2318691938;40.181329999996;15.259230000005;378
2318691938;40.1812399999959;15.2594300000051;379
2318691938;40.1811399999959;15.2594900000051;380
2318691938;40.181069999996;15.259480000005;381
2318691938;40.180979999996;15.2594100000049;382
2318691938;40.1807799999961;15.2593300000048;383
2318691938;40.1805199999965;15.2588300000042;384
2318691938;40.1804399999965;15.2587600000041;385
2318691938;40.1801199999969;15.2582100000036;386
2318691938;40.180049999997;15.2581700000035;387
2318691938;40.179879999997;15.2581500000034;388
2318691938;40.1794199999971;15.2583100000033;389
2318691938;40.1792799999972;15.2583400000032;390
2318691938;40.1790899999973;15.2582900000031;391
2318691938;40.1787099999976;15.2579500000026;392
2318691938;40.1788199999976;15.2578500000026;393
2318691938;40.1788899999976;15.2577600000026;394
2318691938;40.1790199999976;15.2576900000026;395
2318691938;40.1792899999976;15.2574700000026;396
2318691938;40.1793799999977;15.2572700000025;397
2318691938;40.1794399999979;15.2569900000024;398
2318691938;40.1795099999981;15.2565500000021;399
2318691938;40.1797299999984;15.2556900000017;400
2318691938;40.1798299999984;15.2555900000017;401
2318691938;40.1798699999984;15.2555800000017;402
2318691938;40.1799899999983;15.2556100000018;403
2318691938;40.1801799999982;15.255790000002;404
2318691938;40.1802099999981;15.2559400000021;405
2318691938;40.180219999998;15.2561700000022;406
2318691938;40.180199999997;15.2581000000035;407
2318691938;40.1804899999966;15.2586300000041;408
2318691938;40.1805099999965;15.2587000000041;409
2318691938;40.1805199999965;15.2588300000042;410
2318691938;40.1807799999961;15.2593300000048;411
2318691938;40.180979999996;15.2594100000049;412
2318691938;40.181069999996;15.259480000005;413
2318691938;40.1811399999959;15.2594900000051;414
2318691938;40.1812399999959;15.2594300000051;415
2318691938;40.181329999996;15.259230000005;416
2318691938;40.1812099999964;15.2585500000044;417
2318691938;40.1812099999965;15.2583300000042;418
2318691938;40.1812399999967;15.2579200000039;419
2318691938;40.1812899999968;15.2577800000038;420
2318691938;40.1814999999968;15.2577000000039;421
2318691938;40.1818999999966;15.2577200000041;422
2318691938;40.1821399999966;15.2576800000042;423
2318691938;40.1822399999965;15.2577200000043;424
2318691938;40.1824699999964;15.2578700000045;425
2318691938;40.1833699999958;15.2585900000054;426
2318691938;40.1834999999958;15.2586400000055;427
2318691938;40.1836099999958;15.2586200000056;428
2318691938;40.1836799999958;15.2585300000055;429
2318691938;40.1837499999959;15.2581900000053;430
2318691938;40.1839099999961;15.257720000005;431
2318691938;40.1840299999962;15.257560000005;432
2318691938;40.1840999999962;15.257560000005;433
2318691938;40.1841899999961;15.2576200000051;434
2318691938;40.184329999996;15.2577500000052;435
2318691938;40.1850999999959;15.2576500000055;436
2318691938;40.1855399999958;15.2577000000057;437
2318691938;40.1862199999957;15.2578500000061;438
2318691938;40.1868599999956;15.2579400000065;439
2318691938;40.1871699999955;15.2579600000066;440
2318691938;40.1874899999956;15.2578300000066;441
2318691938;40.1876299999956;15.2578300000067;442
2318691938;40.1878599999955;15.2579700000069;443
2318691938;40.1882099999953;15.2582500000072;444
2318691938;40.1886299999951;15.2586800000078;445
2318691938;40.189029999995;15.2589500000081;446
2318691938;40.189099999995;15.2590500000083;447
2318691938;40.1891999999948;15.2594300000086;448
2318691938;40.1892799999948;15.2595000000087;449
2318691938;40.1893399999948;15.2595000000087;450
2318691938;40.1894599999948;15.2594100000087;451
2318691938;40.1895399999949;15.2593100000087;452
2318691938;40.1896399999949;15.2592900000087;453
2318691938;40.1899699999949;15.2593000000088;454
2318691938;40.1900299999949;15.2592700000088;455
2318691938;40.1900899999949;15.2591600000087;456
2318691938;40.190109999995;15.2590800000087;457
2318691938;40.1901199999951;15.2588600000085;458
2318691938;40.1902899999953;15.258260000008;459
2318691938;40.1903299999954;15.2580100000078;460
2318691938;40.1902799999954;15.2578600000077;461
2318691938;40.1904599999955;15.2577500000077;462
2318691938;40.1905599999955;15.2577500000077;463
2318691938;40.1906499999955;15.2578300000078;464
2318691938;40.1907799999954;15.258010000008;465
2318691938;40.1910699999953;15.2582900000083;466
2318691938;40.1911999999953;15.2583100000084;467
2318691938;40.1914399999953;15.2582600000084;468
2318691938;40.1916799999953;15.2582400000085;469
2318691938;40.1918999999953;15.2583100000086;470
2318691938;40.1920299999953;15.2584200000087;471
2318691938;40.1922599999952;15.2588100000092;472
2318691938;40.1923299999951;15.2589000000093;473
2318691938;40.1923999999951;15.2589600000093;474
2318691938;40.1925199999951;15.2590100000094;475
2318691938;40.1928999999951;15.2590400000096;476
2318691938;40.1929999999951;15.2591000000097;477
2318691938;40.193119999995;15.25942000001;478
2318691938;40.193189999995;15.2595000000101;479
2318691938;40.193279999995;15.2595100000101;480
2318691938;40.1933599999951;15.2594100000101;481
2318691938;40.1933699999951;15.2591900000099;482
2318691938;40.1933499999952;15.2588800000096;483
2318691938;40.1932999999953;15.2586800000094;484
2318691938;40.1930399999954;15.258310000009;485
2318691938;40.1930199999954;15.2581600000088;486
2318691938;40.1930999999955;15.2579000000086;487
2318691938;40.1931599999955;15.2579600000087;488
2318691938;40.1932499999955;15.2579900000088;489
2318691938;40.1938399999956;15.2578100000088;490
2318691938;40.1939399999957;15.2577400000087;491
2318691938;40.1939899999957;15.2576700000087;492
2318691938;40.1940199999957;15.2575700000086;493
2318691938;40.1940299999958;15.2572300000084;494
2318691938;40.1940999999959;15.2568900000081;495
2318691938;40.194199999996;15.256690000008;496
2318691938;40.1943499999961;15.2564500000078;497
2318691938;40.1946699999961;15.2562400000077;498
2318691938;40.1947699999962;15.2561900000077;499
2318691938;40.1950899999962;15.2560900000077;500
2318691938;40.1955799999963;15.2561000000079;501
2318691938;40.1957399999963;15.256170000008;502
2318691938;40.1958799999963;15.2562700000081;503
2318691938;40.1959499999962;15.2563600000082;504
2318691938;40.1959799999962;15.2564900000083;505
2318691938;40.1959699999961;15.2570000000087;506
2318691938;40.195939999996;15.2572500000089;507
2318691938;40.195819999996;15.257390000009;508
2318691938;40.1957299999959;15.2576300000092;509
2318691938;40.1957499999958;15.2579800000095;510
2318691938;40.1958699999956;15.25851000001;511
2318691938;40.1959099999956;15.2588800000103;512
2318691938;40.1958799999954;15.2593300000107;513
2318691938;40.1959299999953;15.2597000000111;514
2318691938;40.196309999995;15.2612300000127;515
2318691938;40.1963299999949;15.261500000013;516
2318691938;40.1963099999948;15.2617200000133;517
2318691938;40.1962399999947;15.2619700000135;518
2318691938;40.1962099999947;15.2622300000138;519
2318691938;40.1962799999946;15.262450000014;520
2318691938;40.1966299999945;15.263170000015;521
2318691938;40.1967499999945;15.2633000000152;522
2318691938;40.1970399999945;15.2633900000153;523
2318691938;40.1971199999945;15.2634500000154;524
2318691938;40.1972099999945;15.2635800000156;525
2318691938;40.1974399999944;15.2641200000163;526
2318691938;40.1977499999943;15.2647700000172;527
2318691938;40.1978699999942;15.2650600000176;528
2318691938;40.1979099999942;15.265350000018;529
2318691938;40.197819999994;15.2659000000187;530
2318691938;40.1978599999939;15.266100000019;531
2318691938;40.1980499999939;15.2665200000196;532
2318691938;40.1981199999938;15.26682000002;533
2318691938;40.1981599999937;15.2673400000208;534
2318691938;40.1981499999935;15.2678000000214;535
2318691938;40.1981399999935;15.2679000000216;536
2318691938;40.1980499999934;15.2682800000221;537
2318691938;40.1980599999933;15.2683900000223;538
2318691938;40.1980799999933;15.2684600000224;539
2318691938;40.1981199999933;15.2685200000225;540
2318691938;40.1983099999933;15.2686700000228;541
2318691938;40.1984899999934;15.2685700000227;542
2318691938;40.1986899999936;15.2684200000225;543
2318691938;40.1988299999937;15.2682400000223;544
2318691938;40.1989099999937;15.2681700000222;545
2318691938;40.1989999999938;15.2681500000222;546
2318691938;40.1993399999939;15.2681600000223;547
2318691938;40.199619999994;15.2681100000223;548
2318691938;40.1999999999942;15.2679800000222;549
2318691938;40.2004099999944;15.267750000022;550
2318691938;40.2009199999948;15.2673000000214;551
2318691938;40.2013099999951;15.2667400000207;552
2318691938;40.2015399999952;15.2662800000201;553
2318691938;40.2017099999954;15.2657700000195;554
2318691938;40.2019399999957;15.2647000000181;555
2318691938;40.2020699999959;15.2638600000171;556
2318691938;40.2022699999962;15.2627400000158;557
2318691938;40.2024699999964;15.262000000015;558
2318691938;40.2027099999966;15.2614000000143;559
2318691938;40.2030499999968;15.2607300000137;560
2318691938;40.203319999997;15.2603200000133;561
2318691938;40.2036899999972;15.2598800000129;562
2318691938;40.2043099999974;15.2593100000124;563
2318691938;40.2046099999975;15.2591100000122;564
2318691938;40.2053299999978;15.258760000012;565
2318691938;40.205929999998;15.2585800000119;566
2318691938;40.2063199999981;15.2585100000119;567
2318691938;40.2069199999983;15.2584400000118;568
2318691938;40.2083799999988;15.2583300000118;569
2318691938;40.2101999999993;15.2582400000118;570
2318691938;40.2108799999995;15.2581600000118;571
2318691938;40.2112199999997;15.2580400000117;572
2318691938;40.2115899999998;15.2578500000115;573
2318691938;40.2120899999999;15.2574800000112;574
2318691938;40.2125700000001;15.2570700000108;575
2318691938;40.2130000000002;15.2567600000105;576
2318691938;40.2134400000003;15.2565500000103;577
2318691938;40.2138700000005;15.2564200000102;578
2318691938;40.2145200000006;15.25618000001;579
2318691938;40.2149700000007;15.2559300000098;580
2318691938;40.2152600000008;15.2556700000095;581
2318691938;40.2155800000009;15.2553300000092;582
2318691938;40.216400000001;15.2543200000084;583
2318691938;40.2167400000011;15.2539700000081;584
2318691938;40.2173400000012;15.2535100000078;585
2318691938;40.2176700000012;15.2533400000076;586
2318691938;40.2179800000013;15.2532500000075;587
2318691938;40.2183500000014;15.2531900000075;588
2318691938;40.2186500000015;15.2531800000074;589
2318691938;40.2190000000015;15.2532000000074;590
2318691938;40.2195100000017;15.2534200000075;591
2318691938;40.2199800000018;15.2536500000076;592
2318691938;40.2205100000019;15.2540100000078;593
2318691938;40.2217500000023;15.2547900000082;594
2318691938;40.2221800000024;15.2550900000084;595
2318691938;40.2235300000028;15.2559200000089;596
2318691938;40.224020000003;15.256240000009;597
2318691938;40.2250400000033;15.2565700000091;598
2318691938;40.2257100000034;15.2567100000091;599
2318691938;40.2267900000036;15.256810000009;600
2318691938;40.2271700000037;15.2567800000088;601
2318691938;40.2274100000037;15.2567300000087;602
2318691938;40.2276300000037;15.2567200000087;603
2318691938;40.2289200000039;15.2567400000084;604
2318691938;40.230000000004;15.2567300000081;605
2318691938;40.230760000004;15.2566400000078;606
2318691938;40.231350000004;15.2564700000075;607
2318691938;40.2318300000039;15.2562100000072;608
2318691938;40.2323100000038;15.2558800000068;609
2318691938;40.2326300000038;15.2555700000064;610
2318691938;40.2330300000036;15.255060000006;611
2318691938;40.2333400000034;15.2544500000054;612
2318691938;40.2335000000032;15.2539600000051;613
2318691938;40.2336400000031;15.2533900000047;614
2318691938;40.2337100000029;15.2528200000043;615
2318691938;40.2336200000025;15.2515500000036;616
2318691938;40.2335600000024;15.2512800000035;617
2318691938;40.2335100000023;15.2509400000033;618
2318691938;40.2332400000021;15.2500400000029;619
2318691938;40.2328400000018;15.2489000000025;620
2318691938;40.2314300000011;15.2450700000013;621
2318691938;40.2311800000009;15.2442300000011;622
2318691938;40.2309100000008;15.243420000001;623
2318691938;40.2308000000007;15.2430200000009;624
2318691938;40.2305000000005;15.2417900000006;625
2318691938;40.2302500000003;15.2400700000003;626
2318691938;40.2302000000001;15.2390500000001;627
2318691938;40.2302;15.23784;628
2318691938;40.2303499999997;15.2360799999997;629
2318691938;40.2305099999996;15.2351699999997;630
2318691938;40.2309199999993;15.2335499999995;631
2318691938;40.231449999999;15.2317099999994;632
2318691938;40.2317199999989;15.2309799999994;633
2318691938;40.2334199999981;15.2258399999995;634
2318691938;40.2335099999981;15.2255599999996;635
2318691938;40.233709999998;15.2247899999996;636
2318691938;40.2340099999979;15.2233999999997;637
2318691938;40.2340599999978;15.2224499999998;638
2318691938;40.2340499999978;15.2214499999999;639
2318691938;40.2339199999978;15.22038;640
2318691938;40.2335999999979;15.2187200000002;641
2318691938;40.2330899999982;15.2164300000004;642
2318691938;40.2328099999983;15.2152800000004;643
2318691938;40.2324199999984;15.2144000000005;644
2318691938;40.2318499999986;15.2135500000005;645
2318691938;40.2311899999988;15.2127100000005;646
2318691938;40.2308899999989;15.2122100000005;647
2318691938;40.230659999999;15.2114700000005;648
2318691938;40.2305599999991;15.2108000000005;649
2318691938;40.2306199999992;15.2098800000005;650
2318691938;40.2308499999992;15.2087000000005;651
2318691938;40.2309499999993;15.2077200000005;652
2318691938;40.2308799999994;15.2069400000004;653
2318691938;40.2307299999995;15.2063400000004;654
2318691938;40.2304999999996;15.2057200000003;655
2318691938;40.2301499999997;15.2050800000002;656
2318691938;40.2298399999999;15.2043900000001;657
2318691938;40.22971;15.20393;658
2318691938;40.2295300000001;15.2031899999999;659
2318691938;40.2293400000004;15.2013899999996;660
2318691938;40.2292500000004;15.2009499999995;661
2318691938;40.2284900000009;15.1984599999988;662
2318691938;40.2283900000009;15.1980399999987;663
2318691938;40.2282000000011;15.1970199999983;664
2318691938;40.2281300000013;15.1958199999979;665
2318691938;40.2281800000015;15.1946399999975;666
2318691938;40.2282900000019;15.1929199999967;667
2318691938;40.2283400000021;15.1917799999962;668
2318691938;40.2283500000027;15.1889699999946;669
2318691938;40.2282200000032;15.1870399999933;670
2318691938;40.2281000000035;15.1856499999923;671
2318691938;40.2277300000042;15.1827099999897;672
2318691938;40.2276500000045;15.1815499999886;673
2318691938;40.2277000000048;15.1804699999875;674
2318691938;40.2278700000051;15.1795299999866;675
2318691938;40.2281300000054;15.1785799999856;676
2318691938;40.2287900000062;15.1765799999834;677
2318691938;40.2293900000071;15.174599999981;678
2318691938;40.2296000000075;15.1736799999798;679
2318691938;40.2296900000077;15.1731799999791;680
2318691938;40.2297800000081;15.1721299999776;681
2318691938;40.2298100000086;15.1709599999758;682
2318691938;40.2297300000091;15.1694399999733;683
2318691938;40.2296400000096;15.1681899999711;684
2318691938;40.2296000000101;15.1668399999686;685
2318691938;40.2296500000106;15.1658299999667;686
2318691938;40.229760000011;15.1649299999649;687
2318691938;40.2299800000117;15.1637899999627;688
2318691938;40.2302500000122;15.1629199999609;689
2318691938;40.2303600000124;15.1626299999603;690
2318691938;40.230730000013;15.1617999999587;691
2318691938;40.2308600000132;15.1615399999581;692
2318691938;40.2311700000137;15.160959999957;693
2318691938;40.2329800000164;15.1578999999504;694
2318691938;40.2331000000165;15.1578199999503;695
2318691938;40.2332000000166;15.1577899999503;696
2318691938;40.2333100000166;15.1577899999503;697
2318691938;40.2333900000167;15.1578399999505;698
2318691938;40.2334800000167;15.1579299999508;699
2318691938;40.2335500000166;15.1580699999512;700
2318691938;40.2335500000165;15.1582599999517;701
2318691938;40.2335200000164;15.1584299999521;702
2318691938;40.2334500000163;15.1585699999524;703
2318691938;40.2333400000161;15.1586799999526;704
2318691938;40.233170000016;15.1587199999526;705
2318691938;40.2329800000159;15.1586899999524;706
2318691938;40.2327800000158;15.1586299999522;707
2318691938;40.2322700000157;15.1583799999513;708
2318691938;40.2322200000157;15.158269999951;709
2318691938;40.2321800000158;15.1581299999506;710
2318691938;40.2320700000158;15.1580399999503;711
2318691938;40.2319500000157;15.1579899999501;712
2318691938;40.2318800000157;15.1579799999501;713
2318691938;40.231360000015;15.1586099999514;714
2318691938;40.2310200000146;15.158939999952;715
2318691938;40.2301000000136;15.1597699999536;716
2318691938;40.2297500000132;15.1600499999541;717
2318691938;40.2295600000131;15.1601699999543;718
2318691938;40.229510000013;15.1602699999546;719
2318691938;40.2290600000127;15.1602499999543;720
2318691938;40.2289400000127;15.1601799999541;721
2318691938;40.2288500000127;15.1600399999537;722
2318691938;40.2288500000128;15.1597999999531;723
2318691938;40.2299700000142;15.1584399999503;724
2318691938;40.2299400000142;15.1582799999499;725
2318691938;40.2297900000141;15.1582999999498;726
2318691938;40.2296152682679;15.1585105750584;727