shape_id;shape_pt_lat;shape_pt_lon;shape_pt_sequence
2153350552;40.813251299821;14.6129273002673;1
2153350552;40.8131999999945;14.612990000003;2
2153350552;40.8131899999945;14.613110000003;3
2153350552;40.8132899999944;14.6132300000031;4
2153350552;40.8135999999942;14.6131900000032;5
2153350552;40.8142099999937;14.6132100000033;6
2153350552;40.8146599999933;14.6135700000034;7
2153350552;40.8149599999929;14.6143300000035;8
2153350552;40.8151699999925;14.6149100000035;9
2153350552;40.8139199999934;14.6152300000032;10
2153350552;40.812729999994;14.6156700000029;11
2153350552;40.8113599999947;14.6166300000025;12
2153350552;40.8110799999948;14.6168600000025;13
2153350552;40.8107999999948;14.6172300000024;14
2153350552;40.8106699999949;14.6173500000024;15
2153350552;40.810459999995;14.6174900000023;16
2153350552;40.810369999995;14.6175800000023;17
2153350552;40.8099999999951;14.6182000000022;18
2153350552;40.8098899999951;14.6182500000022;19
2153350552;40.8097199999951;14.6191600000021;20
2153350552;40.809679999995;14.619450000002;21
2153350552;40.8091999999952;14.6199000000019;22
2153350552;40.8084999999955;14.6200400000018;23
2153350552;40.8082899999957;14.6200400000018;24
2153350552;40.807779999996;14.6198400000017;25
2153350552;40.8075599999961;14.6196900000017;26
2153350552;40.8073399999961;14.6200700000016;27
2153350552;40.8071899999961;14.6204000000016;28
2153350552;40.8071599999961;14.6205100000016;29
2153350552;40.8071599999961;14.6209500000015;30
2153350552;40.807229999996;14.6210300000015;31
2153350552;40.8074799999959;14.6212100000016;32
2153350552;40.8079799999956;14.6217600000016;33
2153350552;40.8082799999953;14.6221700000016;34
2153350552;40.808789999995;14.6229900000015;35
2153350552;40.8084499999951;14.6233300000014;36
2153350552;40.8080199999953;14.6235100000014;37
2153350552;40.8076699999955;14.6235200000013;38
2153350552;40.8073799999956;14.6235500000013;39
2153350552;40.8072899999957;14.6236000000013;40
2153350552;40.8071499999957;14.6237700000013;41
2153350552;40.8065899999959;14.6246400000011;42
2153350552;40.806409999996;14.6248400000011;43
2153350552;40.806199999996;14.625150000001;44
2153350552;40.8059899999961;14.625520000001;45
2153350552;40.8058999999961;14.6256500000009;46
2153350552;40.8058099999961;14.6257100000009;47
2153350552;40.8053899999963;14.6260700000008;48
2153350552;40.8053099999963;14.6260800000008;49
2153350552;40.8051199999964;14.6260600000008;50
2153350552;40.8049799999965;14.6259900000008;51
2153350552;40.8047499999966;14.6258400000008;52
2153350552;40.8042499999968;14.6253700000008;53
2153350552;40.803989999997;14.6249500000009;54
2153350552;40.8038199999971;14.6245100000009;55
2153350552;40.8037699999971;14.6244300000009;56
2153350552;40.8033199999973;14.6240300000009;57
2153350552;40.8029799999974;14.6236100000009;58
2153350552;40.8027399999975;14.6235300000009;59
2153350552;40.8019799999977;14.6241600000008;60
2153350552;40.8016899999978;14.6238800000008;61
2153350552;40.801289999998;14.6232600000008;62
2153350552;40.8010299999981;14.6234500000007;63
2153350552;40.8007299999981;14.6237700000007;64
2153350552;40.8005399999982;14.6240700000007;65
2153350552;40.8002299999982;14.6243900000006;66
2153350552;40.7996899999983;14.6248200000006;67
2153350552;40.7991399999984;14.6253100000005;68
2153350552;40.7985499999986;14.6256200000005;69
2153350552;40.7979099999987;14.6259100000004;70
2153350552;40.7975399999988;14.6260300000004;71
2153350552;40.7974899999988;14.6260900000004;72
2153350552;40.7974399999988;14.6262400000004;73
2153350552;40.7973099999988;14.6267900000004;74
2153350552;40.7968799999988;14.6276400000003;75
2153350552;40.795659999999;14.6296600000002;76
2153350552;40.7942899999992;14.63153;77
2153350552;40.7941999999992;14.63168;78
2153350552;40.7938399999992;14.6321;79
2153350552;40.7934299999993;14.63244;80
2153350552;40.7926199999994;14.63349;81
2153350552;40.7921799999995;14.6339499999999;82
2153350552;40.7914799999996;14.6348699999999;83
2153350552;40.7925799999995;14.6362599999999;84
2153350552;40.7932799999994;14.6371799999998;85
2153350552;40.7934699999994;14.6373999999998;86
2153350552;40.7939299999994;14.6380199999998;87
2153350552;40.7946499999993;14.6394599999997;88
2153350552;40.7949299999993;14.6398699999997;89
2153350552;40.7950699999993;14.6400399999997;90
2153350552;40.7953199999993;14.6404399999997;91
2153350552;40.7954299999993;14.6406799999996;92
2153350552;40.7964799999992;14.6422599999996;93
2153350552;40.7967199999992;14.6424799999996;94
2153350552;40.7957499999995;14.6437099999996;95
2153350552;40.7952799999996;14.6441199999997;96
2153350552;40.7936399999999;14.6457199999999;97
2153350552;40.79317;14.64609;98
2153350552;40.79272;14.6464800000001;99
2153350552;40.7925800000001;14.6467900000001;100
2153350552;40.7922600000001;14.6471200000002;101
2153350552;40.7917400000002;14.6475700000002;102
2153350552;40.7911700000003;14.6481600000004;103
2153350552;40.7910300000003;14.6482000000004;104
2153350552;40.7907000000004;14.6484400000004;105
2153350552;40.7902800000004;14.6488400000005;106
2153350552;40.7897300000005;14.6494400000007;107
2153350552;40.7894900000005;14.6496100000007;108
2153350552;40.7876300000005;14.6496200000009;109
2153350552;40.7868100000004;14.6495700000009;110
2153350552;40.7861900000004;14.6490300000008;111
2153350552;40.7859000000004;14.6488300000008;112
2153350552;40.7856100000004;14.6486700000008;113
2153350552;40.7845300000003;14.6478200000007;114
2153350552;40.7842500000003;14.6476600000007;115
2153350552;40.7837600000003;14.6475100000007;116
2153350552;40.7830200000002;14.6473800000007;117
2153350552;40.7824200000002;14.6473800000007;118
2153350552;40.7814300000001;14.6474200000007;119
2153350552;40.7811300000001;14.6474100000007;120
2153350552;40.7803300000001;14.6473100000007;121
2153350552;40.77926;14.6470900000007;122
2153350552;40.77806;14.6470000000007;123
2153350552;40.77764;14.6469400000007;124
2153350552;40.7764499999999;14.6468600000007;125
2153350552;40.7762699999999;14.6468200000007;126
2153350552;40.7759399999999;14.6468900000007;127
2153350552;40.7744599999998;14.6469600000007;128
2153350552;40.7740599999998;14.6467900000006;129
2153350552;40.7734499999998;14.6463700000005;130
2153350552;40.7722699999998;14.6453200000004;131
2153350552;40.7720399999998;14.6450200000004;132
2153350552;40.7714499999998;14.6440600000003;133
2153350552;40.7710999999999;14.6433600000002;134
2153350552;40.7704599999999;14.6418600000001;135
2153350552;40.7702899999999;14.6415200000001;136
2153350552;40.76945;14.64011;137
2153350552;40.7688400000001;14.6388199999999;138
2153350552;40.7684700000001;14.6382899999999;139
2153350552;40.7679000000002;14.6370799999999;140
2153350552;40.7676700000002;14.6363999999999;141
2153350552;40.7672700000002;14.6356399999999;142
2153350552;40.7668600000003;14.6349799999999;143
2153350552;40.7664800000003;14.6345799999999;144
2153350552;40.7660500000004;14.63376;145
2153350552;40.7658200000004;14.63326;146
2153350552;40.7654500000004;14.63262;147
2153350552;40.7652700000004;14.63244;148
2153350552;40.7652300000005;14.63233;149
2153350552;40.7650500000005;14.63247;150
2153350552;40.7646700000005;14.63252;151
2153350552;40.7643900000005;14.633;152
2153350552;40.7641600000006;14.63352;153
2153350552;40.7636200000006;14.6344699999999;154
2153350552;40.7632900000006;14.6349199999999;155
2153350552;40.7627200000007;14.6355799999998;156
2153350552;40.7621500000008;14.6361599999998;157
2153350552;40.7618100000008;14.6364699999998;158
2153350552;40.7614400000009;14.6369199999998;159
2153350552;40.7609900000009;14.6374999999997;160
2153350552;40.760120000001;14.6388799999996;161
2153350552;40.7594300000011;14.6398099999996;162
2153350552;40.7588400000012;14.6405099999995;163
2153350552;40.7583900000012;14.6408999999995;164
2153350552;40.7581800000013;14.6410399999994;165
2153350552;40.7577800000014;14.6412499999994;166
2153350552;40.7571200000015;14.6414999999994;167
2153350552;40.7565200000016;14.6415799999993;168
2153350552;40.7562500000017;14.6416499999993;169
2153350552;40.7559600000018;14.6414899999993;170
2153350552;40.755520000002;14.6413999999992;171
2153350552;40.755330000002;14.6412599999992;172
2153350552;40.7551600000021;14.6411699999992;173
2153350552;40.7550700000021;14.6408299999992;174
2153350552;40.7550600000021;14.6406399999992;175
2153350552;40.7550700000022;14.6402499999993;176
2153350552;40.7550100000022;14.6398599999993;177
2153350552;40.7548500000023;14.6396799999993;178
2153350552;40.7544300000024;14.6394999999993;179
2153350552;40.750710000004;14.6383499999991;180
2153350552;40.7497500000044;14.6382599999991;181
2153350552;40.7492700000047;14.638269999999;182
2153350552;40.7491700000047;14.638299999999;183
2153350552;40.7481200000053;14.6384299999989;184
2153350552;40.7479800000053;14.638179999999;185
2153350552;40.7478200000055;14.637759999999;186
2153350552;40.7477100000055;14.6375399999991;187
2153350552;40.7476200000056;14.6373999999991;188
2153350552;40.7474700000057;14.6371899999991;189
2153350552;40.7472800000058;14.6369699999991;190
2153350552;40.7469000000061;14.6366399999992;191
2153350552;40.7468800000061;14.6354799999994;192
2153350552;40.7469300000062;14.6338899999997;193
2153350552;40.7469300000062;14.63252;194
2153350552;40.7470100000061;14.6296300000005;195
2153350552;40.747000000006;14.6286400000007;196
2153350552;40.747020000006;14.6282200000008;197
2153350552;40.7468100000061;14.6281600000008;198
2153350552;40.7465400000063;14.6281700000008;199
2153350552;40.7458000000068;14.6280400000009;200
2153350552;40.7452900000071;14.6280000000009;201
2153350552;40.7450200000072;14.6280100000009;202
2153350552;40.7449200000074;14.6298500000005;203
2153350552;40.7448100000075;14.6313000000002;204
2153350552;40.7446900000076;14.6334099999998;205
2153350552;40.7445700000076;14.6347999999994;206
2153350552;40.7445900000075;14.636869999999;207
2153350552;40.7446400000074;14.6375699999988;208
2153350552;40.7446500000074;14.6379299999988;209
2153350552;40.7446400000074;14.6381099999987;210
2153350552;40.7446700000073;14.6385399999986;211
2153350552;40.7446600000073;14.6393199999985;212
2153350552;40.7446200000073;14.6395899999984;213
2153350552;40.7443900000073;14.6402699999983;214
2153350552;40.7442000000074;14.6406899999982;215
2153350552;40.7440000000075;14.6410799999981;216
2153350552;40.7443500000072;14.6412199999981;217
2153350552;40.7452200000067;14.6412199999982;218
2153350552;40.7456300000064;14.6412799999983;219
2153350552;40.7457200000063;14.6415099999982;220
2153350552;40.7457600000063;14.6416599999982;221
2153350552;40.7455200000062;14.642919999998;222
2153350552;40.7451900000062;14.6444799999977;223
2153350552;40.7450500000061;14.6452599999976;224
2153350552;40.745040000006;14.6456899999976;225
2153350552;40.7451900000059;14.6459499999976;226
2153350552;40.7452400000059;14.6459699999976;227
2153350552;40.7453700000057;14.6463199999976;228
2153350552;40.7454800000055;14.6467599999976;229
2153350552;40.7459500000051;14.6473999999976;230
2153350552;40.746160000005;14.6473599999977;231
2153350552;40.7466200000047;14.6474099999977;232
2153350552;40.7467800000047;14.6474099999978;233
2153350552;40.7469600000046;14.6474899999978;234
2153350552;40.7471700000043;14.6479399999978;235
2153350552;40.7473700000042;14.6482199999979;236
2153350552;40.7475100000041;14.6483899999979;237
2153350552;40.7477400000039;14.6485499999979;238
2153350552;40.7481600000037;14.648749999998;239
2153350552;40.7488700000033;14.6490299999982;240
2153350552;40.7503200000025;14.6496899999985;241
2153350552;40.751280000002;14.6500199999987;242
2153350552;40.7517100000019;14.6502199999988;243
2153350552;40.7521900000017;14.6502799999989;244
2153350552;40.7525400000016;14.6502399999989;245
2153350552;40.7527700000015;14.6501399999989;246
2153350552;40.7529700000015;14.6496799999989;247
2153350552;40.7531000000015;14.649569999999;248
2153350552;40.7539600000012;14.6496099999991;249
2153350552;40.754690000001;14.6496699999992;250
2153350552;40.7553200000009;14.6496599999993;251
2153350552;40.7554600000009;14.6496199999994;252
2153350552;40.7556200000008;14.6496199999994;253
2153350552;40.7558900000008;14.6495699999994;254
2153350552;40.7562300000007;14.6496299999995;255
2153350552;40.7564300000006;14.6497599999995;256
2153350552;40.7566500000005;14.6499699999996;257
2153350552;40.7567600000005;14.6500099999996;258
2153350552;40.7571300000004;14.6502999999997;259
2153350552;40.7577800000002;14.6507399999998;260
2153350552;40.75833;14.65115;261
2153350552;40.7586999999999;14.6512100000001;262
2153350552;40.7595199999998;14.6514300000002;263
2153350552;40.7602199999997;14.6515700000003;264
2153350552;40.7606699999996;14.6517000000004;265
2153350552;40.7611999999995;14.6518000000005;266
2153350552;40.7616699999995;14.6519900000006;267
2153350552;40.7632699999993;14.652940000001;268
2153350552;40.7644499999991;14.6537800000014;269
2153350552;40.7648999999991;14.6540500000015;270
2153350552;40.765219999999;14.6541800000016;271
2153350552;40.765539999999;14.6542000000016;272
2153350552;40.7661099999991;14.6540600000016;273
2153350552;40.7666299999991;14.6540300000017;274
2153350552;40.7671899999991;14.6540900000018;275
2153350552;40.7678599999991;14.6541000000018;276
2153350552;40.7685199999991;14.6541400000019;277
2153350552;40.7687799999991;14.654260000002;278
2153350552;40.7689999999991;14.6545300000021;279
2153350552;40.7692699999991;14.6549300000022;280
2153350552;40.7693899999991;14.6551400000023;281
2153350552;40.769809999999;14.6559900000026;282
2153350552;40.770029999999;14.6566100000029;283
2153350552;40.770169999999;14.6573500000032;284
2153350552;40.7702299999989;14.6577800000033;285
2153350552;40.7702099999989;14.6580300000035;286
2153350552;40.7701609590117;14.6583634787854;287