shape_id;shape_pt_lat;shape_pt_lon;shape_pt_sequence
2892620315;40.6996125471802;14.8295650259508;1
2892620315;40.7003997100046;14.8293913700199;2
2892620315;40.7012747417878;14.8291690790782;3
2892620315;40.7017800000048;14.8280800000179;4
2892620315;40.7019900000046;14.8270000000165;5
2892620315;40.7023500000046;14.8264700000158;6
2892620315;40.7036800000046;14.8246300000135;7
2892620315;40.7038100000045;14.8243000000131;8
2892620315;40.7039300000044;14.8237100000124;9
2892620315;40.7040100000044;14.8235400000123;10
2892620315;40.7043100000044;14.8231900000118;11
2892620315;40.7050200000042;14.8220100000106;12
2892620315;40.7050800000042;14.8218300000104;13
2892620315;40.705080000004;14.8210800000097;14
2892620315;40.7052000000038;14.8204000000091;15
2892620315;40.7054600000037;14.8195800000084;16
2892620315;40.7054500000035;14.8189100000078;17
2892620315;40.7052400000032;14.8179200000071;18
2892620315;40.705130000003;14.8168100000064;19
2892620315;40.7048400000025;14.8146100000051;20
2892620315;40.7048000000023;14.8139400000047;21
2892620315;40.7049100000019;14.8116300000035;22
2892620315;40.7052100000016;14.8101600000028;23
2892620315;40.7052300000016;14.8099100000027;24
2892620315;40.7050900000015;14.8095100000025;25
2892620315;40.7043600000013;14.8082100000022;26
2892620315;40.7043000000012;14.8078800000021;27
2892620315;40.7043400000012;14.8074900000019;28
2892620315;40.7044300000011;14.8072500000018;29
2892620315;40.7045700000011;14.8070700000018;30
2892620315;40.7046100000011;14.8068700000017;31
2892620315;40.704550000001;14.8065900000016;32
2892620315;40.704560000001;14.8063400000015;33
2892620315;40.7046600000008;14.8052700000012;34
2892620315;40.7048100000007;14.804250000001;35
2892620315;40.7055700000004;14.8026200000005;36
2892620315;40.7061200000002;14.8012500000002;37
2892620315;40.7064900000002;14.8009100000002;38
2892620315;40.7065500000001;14.8008100000001;39
2892620315;40.70667;14.8;40
2892620315;40.70678;14.7996;41
2892620315;40.7067999999999;14.7993199999999;42
2892620315;40.7067799999999;14.7991899999999;43
2892620315;40.7067399999999;14.7990599999999;44
2892620315;40.7063099999998;14.7982699999999;45
2892620315;40.7062699999999;14.7981599999999;46
2892620315;40.7063799999998;14.7978499999998;47
2892620315;40.7065399999998;14.7976699999998;48
2892620315;40.7065699999998;14.7975699999998;49
2892620315;40.7065499999997;14.7974199999998;50
2892620315;40.7064899999997;14.7973599999998;51
2892620315;40.7063499999997;14.7971599999998;52
2892620315;40.7062799999997;14.7969099999998;53
2892620315;40.7060899999997;14.7964999999998;54
2892620315;40.7059399999997;14.7963399999998;55
2892620315;40.7057499999997;14.7961799999998;56
2892620315;40.7056899999997;14.7959599999998;57
2892620315;40.7056899999997;14.7956699999998;58
2892620315;40.7057599999997;14.7953999999998;59
2892620315;40.7058399999996;14.7951999999997;60
2892620315;40.7059099999996;14.7950899999997;61
2892620315;40.7059399999996;14.7949399999997;62
2892620315;40.7059299999996;14.7945599999997;63
2892620315;40.7060199999996;14.7944299999997;64
2892620315;40.7061699999995;14.7943599999997;65
2892620315;40.7064699999995;14.7943399999997;66
2892620315;40.7065799999994;14.7942799999997;67
2892620315;40.7066399999994;14.7941899999997;68
2892620315;40.7066299999994;14.7940199999997;69
2892620315;40.7064999999995;14.7938699999997;70
2892620315;40.7064099999994;14.7936899999997;71
2892620315;40.7063599999994;14.7933299999997;72
2892620315;40.7063199999994;14.7931699999997;73
2892620315;40.7062499999994;14.7931499999997;74
2892620315;40.7061799999994;14.7931699999997;75
2892620315;40.7061099999994;14.7932899999997;76
2892620315;40.7059899999995;14.7936399999997;77
2892620315;40.7058999999995;14.7937899999997;78
2892620315;40.7057699999995;14.7937999999997;79
2892620315;40.7056999999995;14.7937299999997;80
2892620315;40.7053699999996;14.7935599999997;81
2892620315;40.7051299999996;14.7932599999997;82
2892620315;40.7049799999996;14.7929399999998;83
2892620315;40.7047999999996;14.7927699999998;84
2892620315;40.7044799999996;14.7927299999998;85
2892620315;40.7043599999996;14.7928299999998;86
2892620315;40.7043399999996;14.7930599999998;87
2892620315;40.7042599999997;14.7931799999998;88
2892620315;40.7040599999997;14.7932699999998;89
2892620315;40.7036299999997;14.7933199999998;90
2892620315;40.7034599999998;14.7933899999998;91
2892620315;40.7032399999998;14.7935699999999;92
2892620315;40.7028399999998;14.7939599999999;93
2892620315;40.7026199999999;14.7940999999999;94
2892620315;40.7025299999999;14.7940899999999;95
2892620315;40.7024499999999;14.7939499999999;96
2892620315;40.7024399999999;14.7937899999999;97
2892620315;40.7024699999999;14.7934899999999;98
2892620315;40.7025299999999;14.7933299999999;99
2892620315;40.7025299999998;14.7932399999999;100
2892620315;40.7025199999998;14.7931499999999;101
2892620315;40.7023899999998;14.7930599999999;102
2892620315;40.7022999999999;14.7930699999999;103
2892620315;40.7018099999999;14.7935199999999;104
2892620315;40.70121;14.79431;105
2892620315;40.70112;14.79433;106
2892620315;40.70106;14.79429;107
2892620315;40.701;14.79418;108
2892620315;40.70096;14.79406;109
2892620315;40.7009899999999;14.79339;110
2892620315;40.7009899999999;14.7930999999999;111
2892620315;40.7010799999999;14.7928299999999;112
2892620315;40.7015099999999;14.7921999999999;113
2892620315;40.7016199999998;14.7919599999999;114
2892620315;40.7016099999998;14.7913999999999;115
2892620315;40.7016299999998;14.7898699999999;116
2892620315;40.7009299999998;14.7884199999999;117
2892620315;40.7008199999998;14.7882699999999;118
2892620315;40.7006799999998;14.7881099999999;119
2892620315;40.7003899999998;14.7878999999999;120
2892620315;40.7000799999998;14.7878099999999;121
2892620315;40.6999799999998;14.7877299999999;122
2892620315;40.6999299999998;14.7876099999999;123
2892620315;40.6999299999998;14.7874899999999;124
2892620315;40.6999599999998;14.7873699999999;125
2892620315;40.7000199999998;14.7872799999999;126
2892620315;40.7001499999998;14.7872099999999;127
2892620315;40.7005399999998;14.7870999999999;128
2892620315;40.7007399999998;14.7869599999999;129
2892620315;40.7008199999998;14.7868699999999;130
2892620315;40.7005999999998;14.7862499999999;131
2892620315;40.7004699999998;14.78601;132
2892620315;40.7000999999998;14.7851;133
2892620315;40.6998399999998;14.78431;134
2892620315;40.6997099999998;14.78373;135
2892620315;40.6989699999998;14.7838;136
2892620315;40.6986799999999;14.78373;137
2892620315;40.6982699999999;14.78331;138
2892620315;40.6978199999999;14.78297;139
2892620315;40.6974599999999;14.78256;140
2892620315;40.6972899999999;14.7816;141
2892620315;40.6973099999999;14.78115;142
2892620315;40.6973399999999;14.78084;143
2892620315;40.6972599999999;14.78042;144
2892620315;40.6972099999999;14.78026;145
2892620315;40.69682;14.77981;146
2892620315;40.69678;14.77971;147
2892620315;40.69685;14.77946;148
2892620315;40.69692;14.77935;149
2892620315;40.6986499999999;14.7782200000001;150
2892620315;40.6988699999999;14.77803;151
2892620315;40.6990499999999;14.77768;152
2892620315;40.6991099999999;14.7773500000001;153
2892620315;40.6991099999999;14.77663;154
2892620315;40.6991799999999;14.77649;155
2892620315;40.6992699999999;14.7764;156
2892620315;40.6997899999999;14.77627;157
2892620315;40.69957;14.77596;158
2892620315;40.69949;14.7759;159
2892620315;40.6994399999999;14.77591;160
2892620315;40.69904;14.77627;161
2892620315;40.69885;14.77649;162
2892620315;40.69847675;14.77652472;163
2892620315;40.69739;14.77606;164
2892620315;40.69698;14.77621;165
2892620315;40.69681;14.77619;166
2892620315;40.69648;14.77601;167
2892620315;40.69558;14.7754499999999;168
2892620315;40.6955289354685;14.7753888434477;169
2892620315;40.6951772997461;14.7752314289363;170
2892620315;40.6945591262035;14.7751317221896;171
2892620315;40.6939665264104;14.7752118272557;172
2892620315;40.69362;14.7753799999999;173
2892620315;40.6934500000001;14.7751999999999;174
2892620315;40.69315;14.7756099999999;175
2892620315;40.69287;14.7757799999999;176
2892620315;40.69266;14.7757499999999;177
2892620315;40.69193;14.7758999999999;178
2892620315;40.69206;14.7748899999998;179
2892620315;40.69118;14.7744599999998;180
2892620315;40.69045;14.7742199999998;181
2892620315;40.6897;14.7739999999998;182
2892620315;40.68929;14.7739299999998;183
2892620315;40.68879;14.7739499999998;184
2892620315;40.68813;14.7738399999998;185
2892620315;40.6879099999999;14.7734899999998;186
2892620315;40.6875899999999;14.7730599999997;187
2892620315;40.6867099999999;14.7725999999997;188
2892620315;40.6866699999999;14.7725599999997;189
2892620315;40.6865199999999;14.7722699999997;190
2892620315;40.6862099999999;14.7717699999996;191
2892620315;40.6860399999999;14.7715299999996;192
2892620315;40.6858399999999;14.7713699999996;193
2892620315;40.6846099999998;14.7702499999995;194
2892620315;40.6843799999998;14.7699899999995;195
2892620315;40.6838399999998;14.7694799999994;196
2892620315;40.6835499999997;14.7691399999994;197
2892620315;40.6833899999997;14.7689899999994;198
2892620315;40.6832499999997;14.7687999999994;199
2892620315;40.6827199999997;14.7682899999993;200
2892620315;40.6820899999996;14.7676399999992;201
2892620315;40.6818199999996;14.7674599999992;202
2892620315;40.6816799999996;14.7674199999992;203
2892620315;40.6814399999996;14.7673899999992;204
2892620315;40.6808299999996;14.7670699999992;205
2892620315;40.6801399999995;14.7668099999992;206
2892620315;40.6798299999995;14.7667299999992;207
2892620315;40.6795399999995;14.7665799999992;208
2892620315;40.6790399999995;14.7663599999992;209
2892620315;40.6781999999995;14.7660399999992;210
2892620315;40.6774499999995;14.7657199999992;211
2892620315;40.6771099999995;14.7655999999992;212
2892620315;40.6762999999995;14.7652399999992;213
2892620315;40.6765799999993;14.764069999999;214
2892620315;40.6767299999992;14.7635999999988;215
2892620315;40.6769099999992;14.7629599999986;216
2892620315;40.6770799999991;14.7624899999985;217
2892620315;40.6774799999989;14.761089999998;218
2892620315;40.6776299999989;14.7606399999979;219
2892620315;40.6777199999988;14.7602399999977;220
2892620315;40.6779099999988;14.7596299999975;221
2892620315;40.6781399999987;14.7589899999972;222
2892620315;40.6783399999986;14.7582199999969;223
2892620315;40.6785799999985;14.7574399999965;224
2892620315;40.6787699999984;14.7565999999961;225
2892620315;40.6789799999982;14.7549399999953;226
2892620315;40.6790399999981;14.7542099999948;227
2892620315;40.679129999998;14.7536699999945;228
2892620315;40.6792099999979;14.7526199999939;229
2892620315;40.6792799999978;14.7520499999935;230
2892620315;40.6789399999978;14.7520199999935;231
2892620315;40.6785499999977;14.7519199999935;232
2892620315;40.6777299999975;14.7517799999935;233
2892620315;40.6778199999975;14.7513599999932;234
2892620315;40.6779099999972;14.7498799999922;235
2892620315;40.6779899999971;14.7491399999916;236
2892620315;40.677989999997;14.7484599999911;237
2892620315;40.6779099999968;14.7476499999904;238
2892620315;40.6779499999965;14.7459899999889;239
2892620315;40.6779099999963;14.7451999999881;240
2892620315;40.6778699999963;14.7449499999879;241
2892620315;40.6776999999961;14.7445699999876;242
2892620315;40.6774999999958;14.7434099999864;243
2892620315;40.6773799999957;14.742999999986;244
2892620315;40.6761599999945;14.7397299999824;245
2892620315;40.6759499999943;14.7392499999818;246
2892620315;40.675559999994;14.7385899999811;247
2892620315;40.6752285299937;14.7380789599805;248
2892620315;40.6751401799936;14.73775015998;249
2892620315;40.6750499999936;14.7377799999801;250
2892620315;40.6748999459259;14.7376924683955;251