shape_id;shape_pt_lat;shape_pt_lon;shape_pt_sequence
3386682006;40.7451272277193;14.6496172607106;1
3386682006;40.7451000000009;14.6496099999993;2
3386682006;40.7449900000009;14.6494899999992;3
3386682006;40.744910000001;14.6493399999991;4
3386682006;40.7448200000012;14.649029999999;5
3386682006;40.7447100000016;14.6480399999987;6
3386682006;40.7451400000015;14.6475799999988;7
3386682006;40.7454800000017;14.6467599999987;8
3386682006;40.7461900000014;14.6468199999989;9
3386682006;40.7462600000015;14.6462499999988;10
3386682006;40.7465500000019;14.6446799999986;11
3386682006;40.746830000002;14.6434899999986;12
3386682006;40.7461900000024;14.6431699999984;13
3386682006;40.7455200000028;14.6429199999982;14
3386682006;40.745760000003;14.6416599999982;15
3386682006;40.7459100000031;14.6407399999981;16
3386682006;40.7461500000031;14.6402399999982;17
3386682006;40.7463300000031;14.6400599999982;18
3386682006;40.7465500000031;14.6397199999983;19
3386682006;40.7468700000031;14.6390199999983;20
3386682006;40.7469000000035;14.6366399999984;21
3386682006;40.7462100000038;14.6367099999982;22
3386682006;40.7452900000043;14.6367499999981;23
3386682006;40.7446800000045;14.636869999998;24
3386682006;40.7445900000046;14.636869999998;25
3386682006;40.744570000005;14.6347999999981;26
3386682006;40.7446900000051;14.6334099999983;27
3386682006;40.7448100000053;14.6312999999986;28
3386682006;40.7449200000054;14.6298499999988;29
3386682006;40.7450200000055;14.6280099999991;30
3386682006;40.7452900000053;14.6279999999991;31
3386682006;40.7458000000051;14.6280399999992;32
3386682006;40.7465400000047;14.6281699999992;33
3386682006;40.7468100000046;14.6281599999992;34
3386682006;40.7470200000045;14.6282199999992;35
3386682006;40.7470800000046;14.6251099999997;36
3386682006;40.7470800000046;14.6238499999999;37
3386682006;40.7471100000046;14.62338;38
3386682006;40.7471500000045;14.6221600000002;39
3386682006;40.7472100000045;14.6209000000004;40
3386682006;40.7473500000044;14.6208100000004;41
3386682006;40.7475200000043;14.6206700000004;42
3386682006;40.7477900000042;14.6203900000004;43
3386682006;40.7479900000041;14.6200900000005;44
3386682006;40.748150000004;14.6195800000005;45
3386682006;40.7482700000039;14.6190900000006;46
3386682006;40.7485800000038;14.6197000000005;47
3386682006;40.7487600000038;14.6202600000004;48
3386682006;40.7488300000037;14.6206600000003;49
3386682006;40.7488300000038;14.6212400000003;50
3386682006;40.7487800000038;14.6216100000002;51
3386682006;40.7486400000039;14.6220700000002;52
3386682006;40.7485000000039;14.6224000000001;53
3386682006;40.748380000004;14.6226300000001;54
3386682006;40.7480100000042;14.62302;55
3386682006;40.7476500000043;14.62324;56
3386682006;40.7450000000057;14.6239599999999;57
3386682006;40.7445700000059;14.6241399999998;58
3386682006;40.7441900000061;14.6243899999998;59
3386682006;40.7438300000063;14.6247899999997;60
3386682006;40.7435000000065;14.6253899999995;61
3386682006;40.7433700000066;14.6257699999995;62
3386682006;40.7416900000076;14.6261299999993;63
3386682006;40.7416200000077;14.6258199999994;64
3386682006;40.7415500000078;14.6256899999994;65
3386682006;40.7414800000078;14.6256099999994;66
3386682006;40.7413300000079;14.6255799999994;67
3386682006;40.7400900000089;14.6234099999999;68
3386682006;40.739910000009;14.62299;69
3386682006;40.739860000009;14.6227600000001;70
3386682006;40.7398400000091;14.6222200000002;71
3386682006;40.739880000009;14.6218100000003;72
3386682006;40.739880000009;14.6210400000005;73
3386682006;40.7397800000091;14.6207700000006;74
3386682006;40.7393200000094;14.6200200000008;75
3386682006;40.7392200000095;14.6197900000009;76
3386682006;40.7386400000098;14.6186200000012;77
3386682006;40.7385400000099;14.6182900000013;78
3386682006;40.7385100000099;14.6177900000014;79
3386682006;40.73827000001;14.6167500000017;80
3386682006;40.73812000001;14.6159600000019;81
3386682006;40.7381300000099;14.6149400000022;82
3386682006;40.7381700000098;14.6146100000022;83
3386682006;40.7389600000091;14.6145500000021;84
3386682006;40.7394400000087;14.6143900000021;85
3386682006;40.7397400000085;14.6144200000021;86
3386682006;40.7398300000084;14.6138300000022;87
3386682006;40.7399500000081;14.6123600000024;88
3386682006;40.7400200000079;14.6117600000025;89
3386682006;40.7404700000076;14.6117500000024;90
3386682006;40.7405000000074;14.6111300000025;91
3386682006;40.7405100000073;14.6104400000026;92
3386682006;40.740590000007;14.6094100000028;93
3386682006;40.7420800000061;14.6097200000024;94
3386682006;40.7427000000058;14.6098900000023;95
3386682006;40.7427900000057;14.6099000000023;96
3386682006;40.7430500000052;14.6083800000024;97
3386682006;40.7430800000051;14.6079700000024;98
3386682006;40.743000000005;14.6071700000024;99
3386682006;40.7424600000049;14.6056300000026;100
3386682006;40.7419500000048;14.6039700000027;101
3386682006;40.7424900000045;14.6039900000026;102
3386682006;40.7432600000041;14.6040500000024;103
3386682006;40.7438500000038;14.6042000000023;104
3386682006;40.7445400000034;14.6042200000021;105
3386682006;40.745380000003;14.6040500000019;106
3386682006;40.7465200000025;14.6040400000016;107
3386682006;40.747690000002;14.6039500000014;108
3386682006;40.747820000001;14.6002400000008;109
3386682006;40.7477800000009;14.6000200000008;110
3386682006;40.7478200000005;14.5986100000004;111
3386682006;40.7478800000001;14.5973100000001;112
3386682006;40.7478699999998;14.5965199999998;113
3386682006;40.7478899999994;14.5951999999994;114
3386682006;40.747959999999;14.594209999999;115
3386682006;40.7481499999961;14.5869399999948;116
3386682006;40.7517999999957;14.5868599999934;117
3386682006;40.7545199999958;14.5873199999929;118
3386682006;40.7547399999958;14.5873799999929;119
3386682006;40.7551499999959;14.5875599999929;120
3386682006;40.755419999996;14.5876199999929;121
3386682006;40.7556499999959;14.5875999999928;122
3386682006;40.7559499999959;14.5875299999926;123
3386682006;40.756239999996;14.5875199999925;124
3386682006;40.7575099999961;14.5877899999924;125
3386682006;40.7577599999962;14.5878199999924;126
3386682006;40.7578799999962;14.5877999999923;127
3386682006;40.7579899999962;14.5877199999922;128
3386682006;40.7583099999961;14.5874099999919;129
3386682006;40.7584099999961;14.5873599999919;130
3386682006;40.7585699999961;14.5873399999918;131
3386682006;40.7591699999962;14.5874799999918;132
3386682006;40.7595999999963;14.5876299999918;133
3386682006;40.7603299999964;14.5876399999916;134
3386682006;40.7607399999965;14.5877099999916;135
3386682006;40.7613199999966;14.5878599999916;136
3386682006;40.7618699999968;14.5881699999917;137
3386682006;40.7621599999968;14.5882099999917;138
3386682006;40.7623899999969;14.5881699999917;139
3386682006;40.7631099999969;14.5878199999913;140
3386682006;40.7632699999969;14.5877799999912;141
3386682006;40.763489999997;14.5877999999912;142
3386682006;40.763589999997;14.5878499999912;143
3386682006;40.7639799999971;14.5881399999914;144
3386682006;40.7643999999972;14.5882999999914;145
3386682006;40.7649299999974;14.5883999999914;146
3386682006;40.7656999999976;14.5887199999916;147
3386682006;40.7660199999977;14.5888999999917;148
3386682006;40.7661699999977;14.5890099999917;149
3386682006;40.7665699999979;14.589419999992;150
3386682006;40.767059999998;14.5898799999923;151
3386682006;40.7672499999981;14.5901499999924;152
3386682006;40.7674899999982;14.5906199999927;153
3386682006;40.7680599999983;14.5909099999929;154
3386682006;40.7682699999984;14.5909499999929;155
3386682006;40.7685099999985;14.5909299999929;156
3386682006;40.7694699999986;14.5907199999926;157
3386682006;40.7699599999987;14.5906599999926;158
3386682006;40.771169999999;14.5907299999925;159
3386682006;40.7718299999991;14.5906999999925;160
3386682006;40.7721499999992;14.5907499999925;161
3386682006;40.7722899999993;14.5907899999925;162
3386682006;40.7722999999993;14.5908399999925;163
3386682006;40.7723499999993;14.5908899999926;164
3386682006;40.7726199999993;14.5910499999927;165
3386682006;40.7728399999994;14.5911699999928;166
3386682006;40.7733199999995;14.5913899999929;167
3386682006;40.7734099999995;14.5911299999927;168
3386682006;40.7734899999995;14.5911599999927;169
3386682006;40.7746799999998;14.5918099999931;170
3386682006;40.7750499999999;14.5919599999932;171
3386682006;40.7752399999999;14.5920099999933;172
3386682006;40.77574;14.5919899999933;173
3386682006;40.7769700000003;14.591649999993;174
3386682006;40.7775800000005;14.591499999993;175
3386682006;40.7775900000005;14.591569999993;176
3386682006;40.7776400000005;14.591609999993;177
3386682006;40.7776800000005;14.591599999993;178
3386682006;40.7777200000005;14.591559999993;179
3386682006;40.7778200000005;14.5916299999931;180
3386682006;40.7778700000005;14.5917699999931;181
3386682006;40.7781600000006;14.5923099999935;182
3386682006;40.7788600000007;14.5932499999941;183
3386682006;40.7790200000007;14.5934299999942;184
3386682006;40.7791500000007;14.5935099999943;185
3386682006;40.7799300000008;14.5941099999947;186
3386682006;40.7800100000008;14.5941899999947;187
3386682006;40.7803400000008;14.594739999995;188
3386682006;40.7809200000009;14.5955199999955;189
3386682006;40.781820000001;14.5962299999959;190
3386682006;40.782170000001;14.596559999996;191
3386682006;40.782670000001;14.5969599999963;192
3386682006;40.783190000001;14.5974199999965;193
3386682006;40.7839100000011;14.5978899999968;194
3386682006;40.7851400000011;14.5986499999972;195
3386682006;40.7853200000011;14.5987999999972;196
3386682006;40.7858700000011;14.5994699999975;197
3386682006;40.7872800000009;14.6012699999983;198
3386682006;40.7880600000008;14.6023099999986;199
3386682006;40.7891600000006;14.6037099999991;200
3386682006;40.7893300000006;14.6038899999991;201
3386682006;40.7895500000006;14.6040699999992;202
3386682006;40.7897300000006;14.6042099999992;203
3386682006;40.7899700000005;14.6043499999993;204
3386682006;40.7901800000005;14.6044499999993;205
3386682006;40.7904500000005;14.6045499999994;206
3386682006;40.7922600000003;14.6050299999997;207
3386682006;40.7927500000002;14.6050699999997;208
3386682006;40.7931500000002;14.6050399999998;209
3386682006;40.7931700000002;14.6048099999998;210
3386682006;40.7932200000003;14.6046899999997;211
3386682006;40.7933600000003;14.6044199999997;212
3386682006;40.7937000000003;14.6038499999997;213
3386682006;40.7940400000004;14.6033199999996;214
3386682006;40.7949300000005;14.6020799999995;215
3386682006;40.7951100000005;14.6018599999995;216
3386682006;40.7956600000005;14.6013199999994;217
3386682006;40.7961700000005;14.6008499999994;218
3386682006;40.7964100000005;14.6006699999994;219
3386682006;40.7965400000005;14.6006299999994;220
3386682006;40.7967100000005;14.6006599999995;221
3386682006;40.7972300000003;14.6010299999997;222
3386682006;40.7986799999998;14.6021900000002;223
3386682006;40.7990599999996;14.6025400000003;224
3386682006;40.799999999999;14.6042200000007;225
3386682006;40.8000199999989;14.6047900000008;226
3386682006;40.8003099999988;14.6050400000009;227
3386682006;40.8004899999987;14.6052500000009;228
3386682006;40.8005799999986;14.605290000001;229
3386682006;40.8005999999986;14.605350000001;230
3386682006;40.801639999998;14.6070600000012;231
3386682006;40.8016599999979;14.6071300000013;232
3386682006;40.8024699999974;14.6085100000014;233
3386682006;40.8027699999972;14.6089300000015;234
3386682006;40.8042499999962;14.6111900000016;235
3386682006;40.8048699999958;14.6122300000016;236
3386682006;40.8050699999956;14.6126700000016;237
3386682006;40.8054899999953;14.6133800000015;238
3386682006;40.8061099999948;14.6143000000015;239
3386682006;40.8065999999945;14.6149400000014;240
3386682006;40.8068399999943;14.6153000000014;241
3386682006;40.8070699999941;14.6160100000013;242
3386682006;40.8073399999939;14.6166400000012;243
3386682006;40.8076499999937;14.6170400000012;244
3386682006;40.8077699999936;14.6172600000012;245
3386682006;40.8079799999934;14.6171200000012;246
3386682006;40.808839999993;14.6164500000014;247
3386682006;40.8089199999929;14.6165000000014;248
3386682006;40.8090899999928;14.6166500000014;249
3386682006;40.8094999999925;14.6172600000013;250
3386682006;40.8096199999924;14.6174000000013;251
3386682006;40.8098099999922;14.6175500000013;252
3386682006;40.8099899999921;14.6176300000013;253
3386682006;40.8103699999918;14.6175800000013;254
3386682006;40.8104599999918;14.6174900000013;255
3386682006;40.8106699999916;14.6173500000014;256
3386682006;40.8107999999915;14.6172300000014;257
3386682006;40.8110799999914;14.6168600000015;258
3386682006;40.8113599999912;14.6166300000016;259
3386682006;40.8127299999902;14.615670000002;260
3386682006;40.8139199999893;14.6152300000022;261
3386682006;40.8151699999882;14.6149100000024;262
3386682006;40.8149599999885;14.6143300000026;263
3386682006;40.8146599999889;14.6135700000027;264
3386682006;40.8142099999893;14.6132100000027;265
3386682006;40.8140199999895;14.6129700000028;266
3386682006;40.8139299999896;14.6128100000028;267
3386682006;40.8138999999896;14.6130400000027;268
3386682006;40.8138599999896;14.6132000000027;269
3386682006;40.8135999999899;14.6131900000026;270
3386682006;40.81346999999;14.6132100000026;271
3386682006;40.81347999999;14.6131200000026;272
3386682006;40.81346999999;14.6130200000027;273
3386682006;40.81342999999;14.6129300000027;274
3386682006;40.8133499999901;14.6128200000027;275
3386682006;40.8132262829778;14.6129578763952;276