shape_id;shape_pt_lat;shape_pt_lon;shape_pt_sequence
872391697;40.7736680509495;14.7940810323807;1
872391697;40.773599339957;14.7940313300041;2
872391697;40.773674209957;14.7929820800048;3
872391697;40.7741069899561;14.7929317800049;4
872391697;40.7740399999562;14.7932500000047;5
872391697;40.7739399999563;14.7940000000042;6
872391697;40.7738799999564;14.794240000004;7
872391697;40.7737899999565;14.7944800000038;8
872391697;40.7737499999566;14.7945100000038;9
872391697;40.7737399999566;14.7944400000038;10
872391697;40.7736999999567;14.7944000000038;11
872391697;40.7736499999568;14.7943900000038;12
872391697;40.773599999957;14.7944100000038;13
872391697;40.773569999957;14.7944600000038;14
872391697;40.773569999957;14.7945200000037;15
872391697;40.7734599999572;14.7945300000037;16
872391697;40.7727499999587;14.7950100000033;17
872391697;40.7721899999598;14.795420000003;18
872391697;40.7718999999604;14.7955800000028;19
872391697;40.7713199999615;14.7957100000027;20
872391697;40.7709699999622;14.7957300000026;21
872391697;40.770589999963;14.7956100000027;22
872391697;40.7702799999636;14.7956100000026;23
872391697;40.7701699999638;14.7955200000027;24
872391697;40.7700199999641;14.7952900000028;25
872391697;40.7698399999645;14.794950000003;26
872391697;40.7697099999648;14.7948100000031;27
872391697;40.7694699999652;14.7946200000032;28
872391697;40.7683899999673;14.7939700000034;29
872391697;40.768009999968;14.7936800000036;30
872391697;40.7677899999685;14.7933500000037;31
872391697;40.7676899999687;14.7931000000038;32
872391697;40.767559999969;14.7924700000042;33
872391697;40.7672499999695;14.792610000004;34
872391697;40.7663799999709;14.7935700000034;35
872391697;40.7663699999709;14.7935100000034;36
872391697;40.7663399999709;14.7934700000034;37
872391697;40.766289999971;14.7934500000034;38
872391697;40.7662399999711;14.7934700000034;39
872391697;40.7662099999712;14.7935100000034;40
872391697;40.7661699999713;14.7931700000036;41
872391697;40.7661499999714;14.7927900000038;42
872391697;40.7661599999714;14.792430000004;43
872391697;40.7661799999714;14.7920800000041;44
872391697;40.7662799999714;14.7912700000046;45
872391697;40.7662499999716;14.7906000000049;46
872391697;40.7661599999719;14.7900100000052;47
872391697;40.7660199999722;14.7895200000054;48
872391697;40.7659099999725;14.7892900000055;49
872391697;40.7658344499726;14.7891753800055;50
872391697;40.7654702599734;14.7884796800058;51
872391697;40.7653306599736;14.7883860800058;52
872391697;40.7645553099748;14.7886424500055;53
872391697;40.7644411999749;14.7887852000054;54
872391697;40.7632999999766;14.7887800000051;55
872391697;40.7622099999782;14.7886600000049;56
872391697;40.7574499999844;14.7877400000042;57
872391697;40.7558899999862;14.787400000004;58
872391697;40.7533999999888;14.7869200000036;59
872391697;40.7474899999936;14.7857200000026;60
872391697;40.7464899999943;14.7854700000025;61
872391697;40.7460199999946;14.7853300000024;62
872391697;40.745489999995;14.7851400000023;63
872391697;40.7446999999955;14.7848000000022;64
872391697;40.743859999996;14.784370000002;65
872391697;40.7434099999963;14.7841100000019;66
872391697;40.7430199999965;14.7838600000019;67
872391697;40.7420599999971;14.7831200000017;68
872391697;40.7413299999976;14.7824700000015;69
872391697;40.7407799999979;14.7819500000014;70
872391697;40.7381799999994;14.7789700000005;71
872391697;40.7377999999996;14.7785900000004;72
872391697;40.73696;14.7777;73
872391697;40.7366300000001;14.7773799999999;74
872391697;40.7359900000004;14.7768499999996;75
872391697;40.7356800000005;14.7766199999995;76
872391697;40.7352400000006;14.7763399999993;77
872391697;40.7344900000008;14.7759399999991;78
872391697;40.733740000001;14.7756399999988;79
872391697;40.733280000001;14.7754999999987;80
872391697;40.7329100000011;14.7754099999986;81
872391697;40.7324300000012;14.7753299999985;82
872391697;40.7317500000012;14.7752899999984;83
872391697;40.7310900000013;14.7752799999982;84
872391697;40.7262000000012;14.7755899999976;85
872391697;40.7248100000012;14.7757099999975;86
872391697;40.7244800000012;14.7757599999975;87
872391697;40.7239900000011;14.7758999999975;88
872391697;40.7235800000011;14.7760599999975;89
872391697;40.723350000001;14.7761799999975;90
872391697;40.7211400000007;14.7775099999978;91
872391697;40.7208000000007;14.7776899999978;92
872391697;40.7205100000007;14.7777899999979;93
872391697;40.7195600000006;14.7780199999979;94
872391697;40.7190800000005;14.7781099999979;95
872391697;40.7180100000004;14.7782899999979;96
872391697;40.7167900000003;14.7784199999979;97
872391697;40.71385;14.778939999998;98
872391697;40.7129099999999;14.779129999998;99
872391697;40.7125099999999;14.7792499999981;100
872391697;40.7107599999998;14.7799899999983;101
872391697;40.7102799999997;14.7801199999984;102
872391697;40.7098699999997;14.7801699999984;103
872391697;40.7094899999997;14.7801699999984;104
872391697;40.7090699999996;14.7801399999984;105
872391697;40.7085099999996;14.7799999999984;106
872391697;40.7080399999995;14.7797799999983;107
872391697;40.7062099999994;14.7787399999982;108
872391697;40.7059699999993;14.7786199999981;109
872391697;40.7054699999993;14.7784499999981;110
872391697;40.7050299999993;14.7783599999981;111
872391697;40.7047499999992;14.7783299999981;112
872391697;40.7044699999992;14.7783299999982;113
872391697;40.7034599999992;14.7784099999983;114
872391697;40.7004999999992;14.7787099999986;115
872391697;40.6995899999992;14.7788199999988;116
872391697;40.6993599999992;14.7788699999988;117
872391697;40.6990799999992;14.7789699999989;118
872391697;40.6984999999993;14.779249999999;119
872391697;40.6979699999993;14.7795899999991;120
872391697;40.6976999999994;14.7798099999992;121
872391697;40.6975199999994;14.7798499999993;122
872391697;40.6970299999995;14.7803199999994;123
872391697;40.6962799999997;14.7809799999996;124
872391697;40.6960599999997;14.7810899999997;125
872391697;40.6959199999997;14.7811199999997;126
872391697;40.6958099999997;14.7811199999997;127
872391697;40.6955899999998;14.7810799999997;128
872391697;40.6953699999998;14.7809599999998;129
872391697;40.6949499999998;14.7805799999998;130
872391697;40.6946299999997;14.7801699999997;131
872391697;40.6944299999997;14.7798499999997;132
872391697;40.6941999999997;14.7794099999996;133
872391697;40.6938399999995;14.7784499999995;134
872391697;40.6938499999995;14.7781799999994;135
872391697;40.6935499999992;14.7765199999991;136
872391697;40.6932799999992;14.7765299999991;137
872391697;40.6931999999992;14.7765499999991;138
872391697;40.6914599999995;14.7764999999995;139
872391697;40.6912699999995;14.7763499999995;140
872391697;40.6910799999995;14.7763599999995;141
872391697;40.6909599999996;14.7765099999996;142
872391697;40.6907199999996;14.7765799999996;143
872391697;40.6899899999998;14.7767399999998;144
872391697;40.6897299999999;14.7767799999999;145
872391697;40.6886000000002;14.7767600000002;146
872391697;40.6881600000003;14.7769000000003;147
872391697;40.6877200000005;14.7771700000004;148
872391697;40.6873400000006;14.7772000000005;149
872391697;40.6866100000009;14.7773000000007;150
872391697;40.686140000001;14.7773000000009;151
872391697;40.6858300000011;14.7772600000009;152
872391697;40.6851600000013;14.776980000001;153
872391697;40.6837100000016;14.7760400000013;154
872391697;40.6840500000012;14.775320000001;155
872391697;40.6839700000012;14.775250000001;156
872391697;40.6839200000012;14.775130000001;157
872391697;40.6839100000012;14.775030000001;158
872391697;40.6838100000012;14.775040000001;159
872391697;40.6835800000012;14.774870000001;160
872391697;40.6831000000012;14.774310000001;161
872391697;40.6826600000013;14.7739500000011;162
872391697;40.6824700000014;14.7738600000011;163
872391697;40.6818400000016;14.7738000000013;164
872391697;40.6814000000019;14.7739800000015;165
872391697;40.6812900000019;14.7739600000015;166
872391697;40.681220000002;14.7739800000016;167
872391697;40.681170000002;14.7740300000016;168
872391697;40.6811400000021;14.7741000000016;169
872391697;40.6811400000021;14.7742000000017;170
872391697;40.6803800000026;14.774440000002;171
872391697;40.6798900000025;14.773650000002;172
872391697;40.6794500000031;14.7744000000023;173
872391697;40.678220000004;14.7749400000028;174
872391697;40.6776700000045;14.775340000003;175
872391697;40.677010000005;14.7754500000033;176
872391697;40.6757100000059;14.7754300000038;177
872391697;40.6753900000061;14.7754100000039;178
872391697;40.6750500000064;14.775440000004;179
872391697;40.6748600000066;14.7756300000041;180
872391697;40.6747200000067;14.7756700000042;181
872391697;40.6746000000069;14.7758000000042;182
872391697;40.6740900000076;14.7766800000044;183
872391697;40.6735400000086;14.7778000000047;184
872391697;40.6734800000087;14.7780000000047;185
872391697;40.6729400000091;14.7778400000049;186
872391697;40.6727200000093;14.777820000005;187
872391697;40.6731300000083;14.7762600000048;188
872391697;40.6738400000066;14.7737700000043;189
872391697;40.6728900000071;14.7732700000046;190
872391697;40.6727400000073;14.7732800000047;191
872391697;40.6723700000082;14.774480000005;192
872391697;40.6720900000089;14.7755400000052;193
872391697;40.6715600000103;14.7777000000054;194
872391697;40.6714300000106;14.7781500000054;195
872391697;40.6711900000111;14.7787300000055;196
872391697;40.6708600000117;14.7793500000056;197
872391697;40.6703900000125;14.7803400000056;198
872391697;40.669550000014;14.7819100000057;199
872391697;40.6688900000152;14.7831900000056;200
872391697;40.6666800000191;14.787380000005;201
872391697;40.6651400000218;14.7902700000043;202
872391697;40.6646600000227;14.791160000004;203
872391697;40.6638100000242;14.7925500000035;204
872391697;40.6635000000247;14.7930200000033;205
872391697;40.6624300000266;14.7945500000027;206
872391697;40.6622700000268;14.7948500000026;207
872391697;40.6621200000271;14.7950800000024;208
872391697;40.6582800000339;14.8008899999993;209
872391697;40.657710000035;14.8017199999988;210
872391697;40.6574300000355;14.8020999999985;211
872391697;40.6572900000357;14.8022599999984;212
872391697;40.6574500000354;14.8024899999983;213
872391697;40.6577000000349;14.8026099999982;214
872391697;40.657650000035;14.8027799999981;215
872391697;40.657680000035;14.8028699999981;216
872391697;40.6570100000362;14.8037999999974;217
872391697;40.6563700000373;14.8047499999968;218
872391697;40.6561900000376;14.8052299999964;219
872391697;40.655940000038;14.8060299999959;220
872391697;40.6549800000391;14.8096399999934;221
872391697;40.6545700000393;14.8120199999919;222
872391697;40.6545100000394;14.8119999999919;223
872391697;40.6544200000396;14.8120299999918;224
872391697;40.6543500000397;14.8121199999917;225
872391697;40.6543400000397;14.8121699999917;226
872391697;40.6539000000407;14.8121399999916;227
872391697;40.6525700000436;14.8119299999913;228
872391697;40.6524800000437;14.8123299999911;229
872391697;40.6524200000437;14.8127799999907;230
872391697;40.6520900000439;14.8139699999899;231
872391697;40.6522800000434;14.8142599999898;232
872391697;40.6524070776097;14.813826783635;233
