shape_id;shape_pt_lat;shape_pt_lon;shape_pt_sequence
707721259;40.3488656433864;14.995710284844;1
707721259;40.3482599998803;14.9969699999968;2
707721259;40.3479799998816;14.9974299999962;3
707721259;40.347659999883;14.9980299999954;4
707721259;40.3476199998832;14.9980399999954;5
707721259;40.3475899998833;14.9980699999953;6
707721259;40.3475699998834;14.9981199999953;7
707721259;40.3464099998882;14.9975499999962;8
707721259;40.3458799998904;14.9973599999965;9
707721259;40.3457499998909;14.9972599999966;10
707721259;40.3449199998942;14.9968999999972;11
707721259;40.3443699998964;14.9967499999974;12
707721259;40.3438899998983;14.9966999999975;13
707721259;40.3437399998989;14.9966099999976;14
707721259;40.3434499998999;14.9960699999983;15
707721259;40.3427299999027;14.9967099999976;16
707721259;40.3419699999056;14.9972999999969;17
707721259;40.341069999909;14.9980299999961;18
707721259;40.3407199999103;14.9983699999957;19
707721259;40.3403399999117;14.9987799999953;20
707721259;40.3401099999125;14.999059999995;21
707721259;40.339999999913;14.9993899999946;22
707721259;40.339769999914;15.0005599999933;23
707721259;40.3396899999143;15.000839999993;24
707721259;40.3396099999147;15.0010499999928;25
707721259;40.3394299999153;15.0013199999925;26
707721259;40.3391899999162;15.0016299999922;27
707721259;40.3390799999166;15.0017199999921;28
707721259;40.3389199999172;15.0018099999921;29
707721259;40.3386599999181;15.0018599999921;30
707721259;40.3382199999196;15.0018899999922;31
707721259;40.3378899999207;15.0019499999922;32
707721259;40.337219999923;15.002269999992;33
707721259;40.3370099999237;15.0023999999919;34
707721259;40.3369399999239;15.0024199999919;35
707721259;40.3366399999249;15.0026699999917;36
707721259;40.3364899999254;15.0028399999916;37
707721259;40.3361899999265;15.0032599999912;38
707721259;40.335449999929;15.0037899999909;39
707721259;40.3347399999313;15.0042199999906;40
707721259;40.3346099999317;15.0043299999906;41
707721259;40.3344199999323;15.0045499999904;42
707721259;40.3343099999327;15.0047099999903;43
707721259;40.3341899999331;15.0049799999901;44
707721259;40.3340799999336;15.0052899999898;45
707721259;40.333689999935;15.0060999999892;46
707721259;40.3334699999357;15.006459999989;47
707721259;40.332779999938;15.0073099999885;48
707721259;40.3326399999385;15.0075299999883;49
707721259;40.3323599999395;15.008109999988;50
707721259;40.3322699999398;15.0082399999879;51
707721259;40.3321299999402;15.0083299999879;52
707721259;40.3316899999415;15.0084899999879;53
707721259;40.3313799999425;15.0087599999878;54
707721259;40.3310899999434;15.0090699999877;55
707721259;40.3302899999457;15.0095999999876;56
707721259;40.3300199999466;15.0098699999875;57
707721259;40.3298499999471;15.0101199999874;58
707721259;40.3297199999475;15.0103599999873;59
707721259;40.3296299999479;15.0105699999872;60
707721259;40.3295499999482;15.0109899999869;61
707721259;40.3294999999484;15.0111099999869;62
707721259;40.3293899999488;15.0112499999868;63
707721259;40.3292899999491;15.0113099999868;64
707721259;40.3290599999497;15.0113099999869;65
707721259;40.3288599999501;15.0112399999871;66
707721259;40.3286999999505;15.0112299999871;67
707721259;40.3280499999521;15.0113499999873;68
707721259;40.327709999953;15.0113399999875;69
707721259;40.3274799999535;15.0113799999876;70
707721259;40.3273199999539;15.0114399999876;71
707721259;40.3271999999543;15.0115099999876;72
707721259;40.326949999955;15.0117899999876;73
707721259;40.3268299999553;15.0118499999876;74
707721259;40.3267199999555;15.0118699999876;75
707721259;40.3259299999573;15.011799999988;76
707721259;40.3256999999578;15.0118399999881;77
707721259;40.3255999999581;15.0119099999881;78
707721259;40.3253699999587;15.012179999988;79
707721259;40.3251199999594;15.0125499999879;80
707721259;40.3249899999598;15.0127099999879;81
707721259;40.32491999996;15.0127599999879;82
707721259;40.3248199999602;15.012759999988;83
707721259;40.3247199999604;15.012699999988;84
707721259;40.3246499999605;15.0125799999881;85
707721259;40.3245899999605;15.0123199999883;86
707721259;40.3245299999605;15.0121599999884;87
707721259;40.3244299999607;15.0120099999885;88
707721259;40.3243199999609;15.0119199999886;89
707721259;40.3241999999611;15.0118899999887;90
707721259;40.3230399999635;15.0118899999892;91
707721259;40.3228699999638;15.0118399999893;92
707721259;40.3226399999643;15.0116899999894;93
707721259;40.3225499999644;15.0116699999895;94
707721259;40.3223699999648;15.0116999999895;95
707721259;40.3221999999652;15.0117999999896;96
707721259;40.3220099999656;15.0119699999896;97
707721259;40.3218999999659;15.0120999999895;98
707721259;40.3217799999661;15.0121599999896;99
707721259;40.3216199999665;15.0121799999896;100
707721259;40.3215099999667;15.0121499999897;101
707721259;40.321329999967;15.0120499999898;102
707721259;40.3212299999671;15.0119299999899;103
707721259;40.3211399999671;15.0115299999901;104
707721259;40.3211199999667;15.0104799999906;105
707721259;40.3210699999667;15.0100999999908;106
707721259;40.3210199999667;15.0099399999909;107
707721259;40.320799999967;15.0095199999912;108
707721259;40.3206599999671;15.0092099999914;109
707721259;40.3205399999673;15.0090899999915;110
707721259;40.3203799999676;15.0089999999916;111
707721259;40.3200699999681;15.0088699999918;112
707721259;40.3199099999684;15.0087599999919;113
707721259;40.3195399999689;15.0083399999922;114
707721259;40.3193499999692;15.0082599999923;115
707721259;40.3192599999694;15.0082499999923;116
707721259;40.3191699999695;15.0082099999924;117
707721259;40.3189199999699;15.0080399999925;118
707721259;40.3187099999702;15.0078699999927;119
707721259;40.3185599999704;15.0077299999928;120
707721259;40.3183399999707;15.007379999993;121
707721259;40.3182699999708;15.0073099999931;122
707721259;40.3177299999716;15.0069399999934;123
707721259;40.3176199999718;15.0068399999935;124
707721259;40.3173599999721;15.0064899999937;125
707721259;40.3171999999723;15.0061399999939;126
707721259;40.3171299999723;15.0056899999942;127
707721259;40.3171199999721;15.0047299999946;128
707721259;40.3172199999718;15.0042199999949;129
707721259;40.3173899999715;15.003879999995;130
707721259;40.3175199999711;15.0033299999953;131
707721259;40.3175299999711;15.0031999999953;132
707721259;40.3172999999713;15.0021999999959;133
707721259;40.3170399999716;15.0016299999962;134
707721259;40.3168999999719;15.0015699999963;135
707721259;40.316799999972;15.0015899999963;136
707721259;40.3162999999729;15.0019299999962;137
707721259;40.3161999999731;15.0020499999961;138
707721259;40.3159999999735;15.0025199999959;139
707721259;40.3158799999737;15.0027099999959;140
707721259;40.3151199999751;15.0036399999956;141
707721259;40.3149499999754;15.0037699999955;142
707721259;40.3148099999756;15.0038499999955;143
707721259;40.3142199999765;15.0038799999956;144
707721259;40.3138099999771;15.0038699999957;145
707721259;40.3132699999778;15.0037299999959;146
707721259;40.3118699999796;15.0029699999964;147
707721259;40.3110199999807;15.0026499999967;148
707721259;40.3106399999812;15.0022799999969;149
707721259;40.3101799999817;15.0019299999971;150
707721259;40.3100599999818;15.0017799999971;151
707721259;40.309829999982;15.0013399999973;152
707721259;40.3096999999822;15.0011399999974;153
707721259;40.3093699999825;15.0007499999976;154
707721259;40.3085699999834;15.0002499999979;155
707721259;40.3081599999839;15.000069999998;156
707721259;40.3080099999841;14.999979999998;157
707721259;40.3078899999842;14.9998599999981;158
707721259;40.3078199999842;14.9997399999982;159
707721259;40.3077799999843;14.9995799999982;160
707721259;40.3077799999842;14.9993599999983;161
707721259;40.3078399999842;14.9990099999984;162
707721259;40.3080199999839;14.9982599999987;163
707721259;40.3082399999836;14.9971899999991;164
707721259;40.3082899999835;14.9967899999992;165
707721259;40.3082999999835;14.9965799999993;166
707721259;40.3082499999835;14.9963299999994;167
707721259;40.3081099999837;14.9960399999995;168
707721259;40.3079199999839;14.9958299999996;169
707721259;40.3070099999849;14.9950899999999;170
707721259;40.306909999985;14.9949599999999;171
707721259;40.3067899999851;14.99472;172
707721259;40.3067099999852;14.9944800000001;173
707721259;40.3066699999853;14.9942100000002;174
707721259;40.3066499999853;14.9938500000003;175
707721259;40.3066699999853;14.9934700000005;176
707721259;40.3067099999853;14.9932000000006;177
707721259;40.3070399999849;14.992120000001;178
707721259;40.3070799999849;14.991930000001;179
707721259;40.307049999985;14.9915900000011;180
707721259;40.306999999985;14.9913400000012;181
707721259;40.3068999999852;14.9911200000013;182
707721259;40.3067699999853;14.9909200000014;183
707721259;40.3066299999855;14.9907800000014;184
707721259;40.3064899999856;14.9906800000014;185
707721259;40.3062099999859;14.9905800000015;186
707721259;40.3054099999868;14.9905400000014;187
707721259;40.3050699999871;14.9904900000014;188
707721259;40.3048599999873;14.9904200000014;189
707721259;40.3046299999875;14.9902600000014;190
707721259;40.3044599999877;14.9900800000015;191
707721259;40.304239999988;14.9897400000016;192
707721259;40.304189999988;14.9895300000016;193
707721259;40.304179999988;14.9893200000017;194
707721259;40.304279999988;14.9886800000019;195
707721259;40.304279999988;14.9884800000019;196
707721259;40.3042499999881;14.988340000002;197
707721259;40.3041699999882;14.988140000002;198
707721259;40.3038699999885;14.9877200000021;199
707721259;40.3036799999887;14.9874100000022;200
707721259;40.3033599999891;14.9866000000023;201
707721259;40.3030799999895;14.9858000000025;202
707721259;40.3029699999896;14.9855600000026;203
707721259;40.3027199999899;14.9852000000026;204
707721259;40.3024699999902;14.9847200000027;205
707721259;40.3021199999906;14.9841100000027;206
707721259;40.3015299999912;14.9831600000028;207
707721259;40.3006099999922;14.9819600000029;208
707721259;40.3003899999924;14.9817100000029;209
707721259;40.2999799999927;14.9813900000028;210
707721259;40.2999199999928;14.9812500000028;211
707721259;40.2999099999929;14.9807000000029;212
707721259;40.299889999993;14.9805300000029;213
707721259;40.2998099999931;14.9803800000029;214
707721259;40.2995699999933;14.9801900000029;215
707721259;40.2991399999936;14.9799200000028;216
707721259;40.2989899999938;14.9798000000028;217
707721259;40.2988199999939;14.9796000000028;218
707721259;40.2985999999942;14.9791400000028;219
707721259;40.2985699999942;14.9790200000028;220
707721259;40.2985499999943;14.9789100000028;221
707721259;40.2985399999943;14.9787100000028;222
707721259;40.2985499999944;14.9784700000028;223
707721259;40.2985999999944;14.9781200000028;224
707721259;40.2986999999944;14.9778600000028;225
707721259;40.2989199999944;14.9774400000029;226
707721259;40.2990199999944;14.9771700000029;227
707721259;40.2990299999944;14.9770400000029;228
707721259;40.2990199999945;14.976710000003;229
707721259;40.2989599999947;14.9762800000029;230
707721259;40.2989699999948;14.9757600000029;231
707721259;40.2989899999948;14.9756100000029;232
707721259;40.2990799999948;14.975350000003;233
707721259;40.2992999999948;14.975050000003;234
707721259;40.2995099999947;14.9748400000031;235
707721259;40.2999499999947;14.9740200000032;236
707721259;40.3000199999947;14.9737900000032;237
707721259;40.3000399999948;14.9735900000032;238
707721259;40.3000199999949;14.9734100000032;239
707721259;40.2999799999949;14.9732600000032;240
707721259;40.299909999995;14.9731500000031;241
707721259;40.2998199999951;14.9730500000031;242
707721259;40.2994199999955;14.9727300000029;243
707721259;40.2992599999956;14.9725700000029;244
707721259;40.2991699999957;14.9724400000028;245
707721259;40.2990499999959;14.9722100000028;246
707721259;40.299009999996;14.9719100000027;247
707721259;40.2990399999961;14.9716400000027;248
707721259;40.2991699999962;14.9711500000027;249
707721259;40.2992599999962;14.9710100000027;250
707721259;40.3001499999959;14.9702200000029;251
707721259;40.3001999999959;14.9700800000029;252
707721259;40.300209999996;14.9699300000029;253
707721259;40.300189999996;14.9698300000028;254
707721259;40.3000999999961;14.9697000000028;255
707721259;40.2998699999964;14.9694800000027;256
707721259;40.2997799999965;14.9693500000026;257
707721259;40.2997399999966;14.9691000000026;258
707721259;40.2997799999966;14.9689400000025;259
707721259;40.2998599999966;14.9688200000025;260
707721259;40.3000199999966;14.9687100000026;261
707721259;40.3002099999965;14.9685400000026;262
707721259;40.3003799999965;14.9683300000026;263
707721259;40.3004899999965;14.9681000000026;264
707721259;40.3005499999966;14.9679000000026;265
707721259;40.3005499999967;14.9677400000026;266
707721259;40.3004099999969;14.9674500000024;267
707721259;40.3000199999973;14.9670300000022;268
707721259;40.2997699999976;14.966580000002;269
707721259;40.2996399999978;14.9662300000018;270
707721259;40.2994599999982;14.9655200000015;271
707721259;40.2993499999984;14.9653500000014;272
707721259;40.2992199999985;14.9652400000013;273
707721259;40.2987099999989;14.964960000001;274
707721259;40.2985499999991;14.9647600000009;275
707721259;40.2983199999994;14.9643300000006;276
707721259;40.29785;14.96331;277
707721259;40.2977200000002;14.9631099999998;278
707721259;40.2975400000003;14.9629199999996;279
707721259;40.2973000000005;14.9627199999994;280
707721259;40.2972300000006;14.9626099999994;281
707721259;40.2972100000007;14.9624999999993;282
707721259;40.2972100000007;14.9623599999992;283
707721259;40.2972700000008;14.9621899999992;284
707721259;40.2973600000008;14.9620199999991;285
707721259;40.2974400000009;14.9619099999991;286
707721259;40.2975500000008;14.9618399999991;287
707721259;40.2979300000007;14.9617899999993;288
707721259;40.2983500000006;14.9616699999994;289
707721259;40.2985300000006;14.9615299999994;290
707721259;40.2987000000006;14.9612999999994;291
707721259;40.2988000000007;14.9610099999993;292
707721259;40.2988300000008;14.9607599999991;293
707721259;40.298800000001;14.960509999999;294
707721259;40.2986900000012;14.9602299999988;295
707721259;40.2977400000022;14.9589199999975;296
707721259;40.2966700000033;14.957519999996;297
707721259;40.2964000000036;14.9571199999956;298
707721259;40.2960000000041;14.9563899999949;299
707721259;40.295930000004;14.9564999999949;300
707721259;40.295850000004;14.9565499999949;301
707721259;40.2957200000041;14.9565299999948;302
707721259;40.2953700000043;14.9563399999945;303
707721259;40.2946900000045;14.9561999999941;304
707721259;40.2945900000045;14.956159999994;305
707721259;40.2943000000047;14.9559399999937;306
707721259;40.2941900000048;14.9557999999935;307
707721259;40.2941400000049;14.9556799999934;308
707721259;40.2940700000052;14.9550199999928;309
707721259;40.2940500000054;14.9546699999924;310
707721259;40.2938800000057;14.9541399999919;311
707721259;40.293690000006;14.9536499999913;312
707721259;40.2935200000061;14.9533099999909;313
707721259;40.2933100000064;14.9529499999904;314
707721259;40.2930600000066;14.95260999999;315
707721259;40.2928700000067;14.9523999999897;316
707721259;40.2924300000069;14.9520699999891;317
707721259;40.292040000007;14.9518499999887;318
707721259;40.2916200000071;14.9516399999882;319
707721259;40.2914500000072;14.951489999988;320
707721259;40.2911100000074;14.9511099999874;321
707721259;40.291197032996;14.9509953289497;322
707721259;40.2911100000074;14.9511099999874;323
707721259;40.2914000000072;14.9514299999879;324
707721259;40.291220000007;14.9519599999884;325
707721259;40.2904000000061;14.9537899999899;326
707721259;40.2901900000062;14.9536699999897;327
707721259;40.2899100000063;14.9534599999894;328
707721259;40.2895400000064;14.9531399999889;329
707721259;40.2889500000067;14.9524399999879;330
707721259;40.2885100000069;14.9519599999872;331
707721259;40.2881600000069;14.9517099999868;332
707721259;40.287730000007;14.9514399999863;333
707721259;40.2867700000071;14.9509299999853;334
707721259;40.2865000000071;14.9508199999851;335
707721259;40.2860500000072;14.9505199999845;336
707721259;40.2858000000072;14.9503899999843;337
707721259;40.2854800000072;14.9501899999839;338
707721259;40.2851000000072;14.9498699999834;339
707721259;40.2848200000073;14.9495199999828;340
707721259;40.2844500000075;14.9488399999818;341
707721259;40.2842200000076;14.9484599999812;342
707721259;40.2840300000076;14.9482499999808;343
707721259;40.2838600000076;14.9481099999806;344
707721259;40.2836000000076;14.9480099999803;345
707721259;40.2827600000074;14.9478799999799;346
707721259;40.2824500000073;14.9477399999795;347
707721259;40.2822900000074;14.9475899999793;348
707721259;40.2817000000074;14.9469399999781;349
707721259;40.2815100000074;14.9467799999778;350
707721259;40.2806000000072;14.9462899999768;351
707721259;40.2803000000071;14.9461699999765;352
707721259;40.2787000000066;14.9458499999756;353
707721259;40.2778300000062;14.9458199999753;354
707721259;40.277440000006;14.9458399999752;355
707721259;40.2768500000057;14.9459799999753;356
707721259;40.2764700000055;14.9459899999752;357
707721259;40.2762000000054;14.9459499999751;358
707721259;40.2759700000053;14.9458599999749;359
707721259;40.2757300000053;14.9457099999746;360
707721259;40.2751000000051;14.9450699999735;361
707721259;40.274740000005;14.9446499999727;362
707721259;40.274610000005;14.9445299999725;363
707721259;40.2743300000048;14.9444099999722;364
707721259;40.2725500000039;14.9441699999715;365
707721259;40.2721000000037;14.943919999971;366
707721259;40.2717100000035;14.9437299999706;367
707721259;40.2715800000035;14.9436999999706;368
707721259;40.2686200000017;14.9442299999712;369
707721259;40.2668200000007;14.9445799999717;370
707721259;40.2639799999991;14.9450599999725;371
707721259;40.2630099999986;14.9451899999728;372
707721259;40.2627499999984;14.945309999973;373
707721259;40.2626699999984;14.9453899999731;374
707721259;40.2624999999983;14.9453499999731;375
707721259;40.2620199999981;14.9457099999737;376
707721259;40.2583399999967;14.9491299999792;377
707721259;40.2573799999964;14.9499999999806;378
707721259;40.2571599999963;14.9501399999808;379
707721259;40.2568999999963;14.9502199999809;380
707721259;40.256169999996;14.9503099999812;381
707721259;40.2559199999959;14.9503899999813;382
707721259;40.2554899999958;14.9506399999817;383
707721259;40.2546699999956;14.9511999999826;384
707721259;40.2543799999956;14.9514299999829;385
707721259;40.2535499999955;14.9524099999843;386
707721259;40.2532599999955;14.9527299999847;387
707721259;40.2518999999954;14.9539199999864;388
707721259;40.2510299999953;14.9544399999871;389
707721259;40.2490599999952;14.9555299999887;390
707721259;40.2489899999952;14.9555999999888;391
707721259;40.2488399999952;14.9556599999889;392
707721259;40.2479999999953;14.9562199999897;393
707721259;40.2475499999954;14.9566499999902;394
707721259;40.2444899999962;14.9597099999937;395
707721259;40.2438299999964;14.9603499999943;396
707721259;40.2436499999965;14.9605999999946;397
707721259;40.242579999997;14.9618499999957;398
707721259;40.2419199999973;14.9625599999963;399
707721259;40.2404999999981;14.9641799999977;400
707721259;40.2401199999983;14.964569999998;401
707721259;40.2399699999983;14.9646299999981;402
707721259;40.2398599999984;14.9646299999981;403
707721259;40.2397199999984;14.9645499999981;404
707721259;40.2390999999984;14.9641199999981;405
707721259;40.2388699999984;14.9640399999982;406
707721259;40.2386899999984;14.9640499999982;407
707721259;40.2385999999985;14.9640899999983;408
707721259;40.2384999999985;14.9641899999984;409
707721259;40.2382899999987;14.9644399999986;410
707721259;40.2380299999989;14.9647099999988;411
707721259;40.2379799999989;14.9647999999988;412
707721259;40.2376099999991;14.9651199999991;413
707721259;40.2374799999992;14.9652099999992;414
707721259;40.2373899999992;14.9652199999992;415
707721259;40.2372999999993;14.9651599999992;416
707721259;40.2371799999992;14.9648999999991;417
707721259;40.236889999999;14.9641599999989;418
707721259;40.2365899999988;14.9634599999987;419
707721259;40.2365199999988;14.9634199999987;420
707721259;40.2364699999988;14.9634199999987;421
707721259;40.2363999999989;14.9634499999988;422
707721259;40.236169999999;14.963639999999;423
707721259;40.2354499999996;14.9643699999996;424
707721259;40.2349999999999;14.9647799999999;425
707721259;40.2347600000001;14.9649700000001;426
707721259;40.2346000000002;14.9650500000002;427
707721259;40.2343200000003;14.9650900000003;428
707721259;40.2341400000004;14.9650300000003;429
707721259;40.2340800000004;14.9649600000003;430
707721259;40.2339800000003;14.9646900000003;431
707721259;40.2339700000002;14.9644700000002;432
707721259;40.2339900000002;14.9644200000002;433
707721259;40.2340500000001;14.9643700000001;434
707721259;40.23423;14.9643;435
707721259;40.2343899999999;14.9642099999999;436
707721259;40.2345499999998;14.9640199999998;437
707721259;40.2346699999996;14.9636799999996;438
707721259;40.2347999999993;14.9631099999993;439
707721259;40.2348299999991;14.9628099999991;440
707721259;40.234819999999;14.962549999999;441
707721259;40.2347099999989;14.9620899999988;442
707721259;40.2345899999987;14.9617399999987;443
707721259;40.2344299999987;14.9614499999986;444
707721259;40.2342399999986;14.9612699999986;445
707721259;40.2340399999987;14.9611699999986;446
707721259;40.2338999999987;14.9611399999986;447
707721259;40.2334999999989;14.9611899999989;448
707721259;40.233339999999;14.9611899999989;449
707721259;40.2329199999991;14.9611199999991;450
707721259;40.2326999999992;14.9611299999992;451
707721259;40.2323399999994;14.9612199999994;452
707721259;40.2320399999996;14.9613299999996;453
707721259;40.2318299999998;14.9614599999998;454
707721259;40.23164;14.96163;455
707721259;40.2313200000004;14.9621100000003;456
707721259;40.2311600000005;14.9623100000005;457
707721259;40.2310000000007;14.9624200000006;458
707721259;40.2301200000013;14.9627300000012;459
707721259;40.2296600000017;14.9630300000015;460
707721259;40.229370000002;14.9632900000018;461
707721259;40.2288800000025;14.9636000000021;462
707721259;40.2285600000029;14.9638900000024;463
707721259;40.2283500000032;14.9641600000026;464
707721259;40.2282000000034;14.9644400000028;465
707721259;40.2280500000036;14.9646100000029;466
707721259;40.2274100000043;14.9651100000033;467
707721259;40.2272100000045;14.9653000000035;468
707721259;40.2266400000054;14.966200000004;469
707721259;40.2260300000062;14.9668100000044;470
707721259;40.2256500000068;14.9673700000047;471
707721259;40.2253200000073;14.9677700000049;472
707721259;40.2251800000076;14.968140000005;473
707721259;40.224920000008;14.9684200000052;474
707721259;40.2247000000083;14.9686200000053;475
707721259;40.2245900000084;14.9686800000053;476
707721259;40.2241800000088;14.9687100000055;477
707721259;40.223990000009;14.9687800000056;478
707721259;40.2235100000096;14.9691000000059;479
707721259;40.22330000001;14.969360000006;480
707721259;40.2228500000107;14.9700000000062;481
707721259;40.2225000000115;14.9707700000064;482
707721259;40.222300000012;14.9714600000064;483
707721259;40.2216300000134;14.9730000000066;484
707721259;40.2214200000139;14.9736400000066;485
707721259;40.2213600000141;14.9739600000066;486
707721259;40.2213700000143;14.9742900000066;487
707721259;40.2214700000144;14.9748600000065;488
707721259;40.2214700000144;14.9749600000064;489
707721259;40.2213900000146;14.9751600000064;490
707721259;40.2212700000148;14.9753500000065;491
707721259;40.2212600000148;14.9754500000064;492
707721259;40.2213000000148;14.9755600000064;493
707721259;40.2214500000147;14.9756300000063;494
707721259;40.2217500000143;14.9756300000062;495
707721259;40.2219000000142;14.9755500000062;496
707721259;40.2220300000139;14.9753600000062;497
707721259;40.2221100000138;14.9753400000062;498
707721259;40.2221700000138;14.9753800000061;499
707721259;40.2221900000138;14.9754300000061;500
707721259;40.2221800000138;14.9755300000061;501
707721259;40.2218100000144;14.9759400000062;502
707721259;40.2216900000145;14.9759900000062;503
707721259;40.2214600000148;14.9760300000063;504
707721259;40.2211800000152;14.9762800000063;505
707721259;40.2208700000156;14.9763300000064;506
707721259;40.2208300000157;14.9763600000064;507
707721259;40.2208000000158;14.9764200000064;508
707721259;40.2208200000158;14.9764900000064;509
707721259;40.2208800000157;14.9765400000064;510
707721259;40.2210000000156;14.9765600000063;511
707721259;40.221440000015;14.9763300000062;512
707721259;40.2215400000148;14.9763300000062;513
707721259;40.2217900000146;14.9764400000061;514
707721259;40.2219300000144;14.976450000006;515
707721259;40.2220500000143;14.976390000006;516
707721259;40.222210000014;14.976200000006;517
707721259;40.2223900000137;14.975940000006;518
707721259;40.2225300000135;14.9758200000059;519
707721259;40.2230200000129;14.9755400000058;520
707721259;40.2235900000121;14.9749800000057;521
707721259;40.2239200000116;14.9746000000056;522
707721259;40.2240800000114;14.9745800000055;523
707721259;40.2243800000112;14.9748200000054;524
707721259;40.224670000011;14.9749000000053;525
707721259;40.2252200000104;14.9749000000051;526
707721259;40.2255700000101;14.974920000005;527
707721259;40.22569000001;14.9749700000049;528
707721259;40.22576000001;14.9750400000049;529
707721259;40.22581000001;14.9751700000049;530
707721259;40.22581000001;14.9753100000049;531
707721259;40.2257500000102;14.9755500000049;532
707721259;40.2256000000104;14.9758600000049;533
707721259;40.2254200000107;14.9763400000049;534
707721259;40.225320000011;14.9767200000049;535
707721259;40.2252200000113;14.9773800000048;536
707721259;40.225050000012;14.9792400000046;537
707721259;40.2246400000129;14.9809800000043;538
707721259;40.2245800000131;14.9815200000042;539
707721259;40.2245900000132;14.9819400000041;540
707721259;40.2246700000132;14.982290000004;541
707721259;40.2248300000131;14.9825900000039;542
707721259;40.2250100000129;14.9827900000038;543
707721259;40.2252100000127;14.9828900000037;544
707721259;40.2264600000116;14.9831400000034;545
707721259;40.2267400000113;14.9832400000033;546
707721259;40.2269700000112;14.9834300000033;547
707721259;40.2275000000108;14.9839400000031;548
707721259;40.2275800000107;14.984080000003;549
707721259;40.2277900000106;14.9843700000029;550
707721259;40.2279100000105;14.9845900000028;551
707721259;40.2277100000109;14.9857100000026;552
707721259;40.2275600000111;14.9864600000024;553
707721259;40.2274400000113;14.9865700000024;554
707721259;40.2271800000115;14.9866800000024;555
707721259;40.226700000012;14.9866700000025;556
707721259;40.2252400000134;14.9864500000027;557
707721259;40.2250000000136;14.9864500000028;558
707721259;40.2245200000141;14.9865600000028;559
707721259;40.2243100000144;14.9865800000028;560
707721259;40.2241600000145;14.9865000000029;561
707721259;40.2239800000147;14.986240000003;562
707721259;40.2238200000148;14.9861100000031;563
707721259;40.223630000015;14.9860500000031;564
707721259;40.2234100000153;14.9860600000031;565
707721259;40.2231900000155;14.9861200000032;566
707721259;40.2229600000158;14.9862400000032;567
707721259;40.2225800000163;14.9865100000031;568
707721259;40.2223800000165;14.9865600000031;569
707721259;40.2220600000169;14.9865100000032;570
707721259;40.2217600000172;14.9863900000033;571
707721259;40.2214300000176;14.9861900000034;572
707721259;40.2212300000178;14.9860900000035;573
707721259;40.2211500000179;14.9860900000035;574
707721259;40.2210700000181;14.9861400000035;575
707721259;40.2209700000182;14.9863200000034;576
707721259;40.2206300000188;14.9874100000031;577
707721259;40.220560000019;14.9877500000029;578
707721259;40.2204200000192;14.9881000000028;579
707721259;40.2198300000201;14.9892600000024;580
707721259;40.2196600000204;14.9899000000022;581
707721259;40.2193500000209;14.9907000000018;582
707721259;40.2188800000217;14.9921900000012;583
707721259;40.2186100000221;14.9931900000007;584
707721259;40.2181600000227;14.9941500000003;585
707721259;40.2181200000228;14.9943600000002;586
707721259;40.2181200000228;14.9946000000001;587
707721259;40.2181900000227;14.9950699999999;588
707721259;40.2181900000227;14.9953799999997;589
707721259;40.2181700000227;14.9956499999996;590
707721259;40.2181700000227;14.9962099999993;591
707721259;40.2182100000226;14.9965399999992;592
707721259;40.2183500000224;14.996949999999;593
707721259;40.2188300000217;14.9980399999985;594
707721259;40.2189000000216;14.9982599999984;595
707721259;40.2189200000215;14.9983999999983;596
707721259;40.2188100000217;14.9987199999982;597
707721259;40.2183800000222;14.999159999998;598
707721259;40.2182500000224;14.9993299999979;599
707721259;40.2172700000237;15.0004199999972;600
707721259;40.2171400000239;15.0004699999972;601
707721259;40.2170300000241;15.0004699999972;602
707721259;40.2168100000244;15.0003999999972;603
707721259;40.2166100000247;15.0002699999972;604
707721259;40.2160800000256;14.9996499999975;605
707721259;40.2157900000261;14.9993499999976;606
707721259;40.2157000000263;14.9992899999976;607
707721259;40.2156000000264;14.9992799999976;608
707721259;40.2152600000269;14.9994499999975;609
707721259;40.2151100000272;14.9996899999974;610
707721259;40.2147100000277;15.000249999997;611
707721259;40.2143700000282;15.0005899999968;612
707721259;40.2138200000292;15.0008099999966;613
707721259;40.2130400000305;15.0011799999963;614
707721259;40.2125300000313;15.001529999996;615
707721259;40.2122500000318;15.0016699999959;616
707721259;40.2114900000332;15.0019299999956;617
707721259;40.2112300000336;15.0020999999955;618
707721259;40.2110300000339;15.0022999999953;619
707721259;40.2106400000346;15.002799999995;620
707721259;40.2103000000352;15.0031799999947;621
707721259;40.2101000000355;15.0034799999945;622
707721259;40.2099300000357;15.0038099999942;623
707721259;40.2098000000359;15.004139999994;624
707721259;40.2092200000368;15.0053399999931;625
707721259;40.209030000037;15.0060199999927;626
707721259;40.2088400000372;15.0065699999923;627
707721259;40.2086300000375;15.0071199999919;628
707721259;40.2083500000378;15.0077499999915;629
707721259;40.2080900000382;15.0082799999911;630
707721259;40.2079800000384;15.0084499999909;631
707721259;40.2078400000386;15.0085399999908;632
707721259;40.2071900000399;15.0087599999905;633
707721259;40.2067500000407;15.0091099999901;634
707721259;40.2065400000411;15.0092999999899;635
707721259;40.2063500000415;15.0094399999898;636
707721259;40.2061400000419;15.0095499999896;637
707721259;40.2060000000421;15.0097299999895;638
707721259;40.2057700000425;15.0101199999892;639
707721259;40.2056400000427;15.010299999989;640
707721259;40.2054100000432;15.0104299999888;641
707721259;40.2052100000436;15.0104699999887;642
707721259;40.2050900000439;15.0105299999886;643
707721259;40.2049100000442;15.0106899999885;644
707721259;40.2042700000454;15.0112899999878;645
707721259;40.2041700000456;15.0114699999877;646
707721259;40.2041300000456;15.0117099999875;647
707721259;40.2041200000455;15.0118699999874;648
707721259;40.2040100000456;15.0121499999872;649
707721259;40.2038900000459;15.0122199999871;650
707721259;40.2038000000461;15.0121899999871;651
707721259;40.2036100000466;15.0120199999871;652
707721259;40.203480000047;15.0119699999871;653
707721259;40.2034000000471;15.012009999987;654
707721259;40.2030400000476;15.0128199999863;655
707721259;40.2026100000484;15.0134499999857;656
707721259;40.2025300000484;15.0137199999855;657
707721259;40.2025100000483;15.0139799999854;658
707721259;40.2024600000483;15.0141499999852;659
707721259;40.2019400000491;15.0150699999844;660
707721259;40.2015900000495;15.0158999999837;661
707721259;40.2015700000495;15.0160799999836;662
707721259;40.2016000000493;15.0162399999836;663
707721259;40.2018000000485;15.0167699999834;664
707721259;40.2018000000483;15.0169199999833;665
707721259;40.2017700000484;15.0170199999832;666
707721259;40.2016000000486;15.017259999983;667
707721259;40.201430000049;15.0174099999828;668
707721259;40.2013200000492;15.0174399999827;669
707721259;40.2011700000496;15.0174499999826;670
707721259;40.2011200000497;15.0174199999826;671
707721259;40.2008100000508;15.0170699999826;672
707721259;40.2006700000511;15.0170399999825;673
707721259;40.2005200000515;15.0170799999824;674
707721259;40.1991000000547;15.017979999981;675
707721259;40.1986500000557;15.0182199999806;676
707721259;40.1979600000573;15.0186299999799;677
707721259;40.1976400000581;15.0187899999796;678
707721259;40.1971100000595;15.0189799999791;679
707721259;40.1970400000597;15.019019999979;680
707721259;40.1966600000606;15.0192899999786;681
707721259;40.1963700000612;15.0195599999782;682
707721259;40.196040000062;15.0198199999778;683
707721259;40.1957700000627;15.0199799999775;684
707721259;40.1952900000639;15.020209999977;685
707721259;40.1947600000652;15.0206699999763;686
707721259;40.1945600000657;15.0207799999761;687
707721259;40.1942900000665;15.0208499999758;688
707721259;40.1941500000668;15.0209299999757;689
707721259;40.1939800000672;15.0210999999754;690
707721259;40.1938400000675;15.0212899999752;691
707721259;40.1937400000677;15.021389999975;692
707721259;40.1927300000701;15.0223099999736;693
707721259;40.192370000071;15.0225799999732;694
707721259;40.1922500000714;15.022629999973;695
707721259;40.1921100000719;15.0226199999729;696
707721259;40.191520000074;15.0224599999725;697
707721259;40.1913400000746;15.0223899999724;698
707721259;40.191230000075;15.0223799999723;699
707721259;40.1910900000755;15.0223999999722;700
707721259;40.1895200000801;15.0232699999702;701
707721259;40.1885800000829;15.0238499999689;702
707721259;40.1876400000855;15.0246099999675;703
707721259;40.1874600000861;15.0247299999672;704
707721259;40.1859500000905;15.0258899999648;705
707721259;40.1858700000909;15.0257699999648;706
707721259;40.1852200000933;15.0258899999641;707
707721259;40.1848500000948;15.0259099999637;708
707721259;40.1838700000988;15.0258299999627;709
707721259;40.1832000001016;15.025739999962;710
707721259;40.1826700001039;15.0257199999614;711
707721259;40.1823800001052;15.0256199999612;712
707721259;40.181850000108;15.025189999961;713
707721259;40.181670000109;15.024979999961;714
707721259;40.1817200001089;15.0248199999612;715
707721259;40.1816900001092;15.0246699999613;716
707721259;40.1816300001096;15.0245399999613;717
707721259;40.1814600001105;15.0244099999613;718
707721259;40.1813700001111;15.0242499999613;719
707721259;40.1813400001114;15.0240599999615;720
707721259;40.1812700001119;15.0239299999615;721
707721259;40.1811000001126;15.0239699999613;722
707721259;40.180740000114;15.0241199999608;723
707721259;40.180210000116;15.0244099999599;724
707721259;40.1798700001174;15.0245499999594;725
707721259;40.179450000119;15.0247999999587;726
707721259;40.17913000012;15.025189999958;727
707721259;40.1790400001202;15.0254199999577;728
707721259;40.1789600001204;15.0255299999575;729
707721259;40.1788300001209;15.0255899999573;730
707721259;40.1785800001221;15.025589999957;731
707721259;40.1782800001234;15.0256699999566;732
707721259;40.1782100001236;15.0257999999564;733
707721259;40.1781802601234;15.0260278499561;734
707721259;40.1785288701217;15.0261221299564;735
707721259;40.1785500001217;15.0259999999566;736
707721259;40.1786100001217;15.0257999999568;737
707721259;40.1787100001214;15.0256699999571;738
707721259;40.1787497102216;15.0256435265922;739