shape_id;shape_pt_lat;shape_pt_lon;shape_pt_sequence
1378318252;40.2308482153384;15.2641786624412;1
1378318252;40.2308100000354;15.2641500010434;2
1378318252;40.2305800000339;15.2640800010422;3
1378318252;40.2304200000329;15.2640800010422;4
1378318252;40.2303100000323;15.2641100010429;5
1378318252;40.2302100000316;15.2640700010421;6
1378318252;40.2300200000305;15.2643100010467;7
1378318252;40.2297000000286;15.2646500010532;8
1378318252;40.228230000019;15.2630400010236;9
1378318252;40.2281700000186;15.2629400010217;10
1378318252;40.2273100000131;15.2619800010043;11
1378318252;40.2270400000115;15.2616500009983;12
1378318252;40.2270400000114;15.2615200009959;13
1378318252;40.2269400000108;15.261250000991;14
1378318252;40.2268900000105;15.2609800009862;15
1378318252;40.2269000000105;15.260580000979;16
1378318252;40.2269300000106;15.260360000975;17
1378318252;40.2270400000113;15.2600400009693;18
1378318252;40.2271600000119;15.2598400009657;19
1378318252;40.2273300000129;15.2596400009621;20
1378318252;40.2273900000133;15.2595000009596;21
1378318252;40.2281900000179;15.2592100009543;22
1378318252;40.2290900000232;15.2589700009499;23
1378318252;40.2291000000232;15.2587800009465;24
1378318252;40.2290500000229;15.2586000009434;25
1378318252;40.2287900000212;15.2583300009387;26
1378318252;40.2280200000166;15.2576800009276;27
1378318252;40.2280400000167;15.2573900009226;28
1378318252;40.2281400000172;15.2570400009165;29
1378318252;40.2282100000176;15.2569100009143;30
1378318252;40.2283300000182;15.2568200009127;31
1378318252;40.2285500000195;15.2567300009111;32
1378318252;40.2300000000278;15.2567300009107;33
1378318252;40.2307600000321;15.2566400009089;34
1378318252;40.2313500000354;15.2564700009058;35
1378318252;40.231830000038;15.2562100009011;36
1378318252;40.2323100000405;15.2558800008953;37
1378318252;40.2326300000421;15.2555700008899;38
1378318252;40.2330300000441;15.2550600008811;39
1378318252;40.2333400000455;15.2544500008708;40
1378318252;40.2335000000461;15.2539600008626;41
1378318252;40.2336400000465;15.2533900008531;42
1378318252;40.2337100000466;15.2528200008437;43
1378318252;40.2336200000453;15.2515500008233;44
1378318252;40.2335600000448;15.251280000819;45
1378318252;40.2335100000444;15.2509400008136;46
1378318252;40.2332400000425;15.2500400007996;47
1378318252;40.2328400000398;15.248900000782;48
1378318252;40.2314300000309;15.2450700007249;49
1378318252;40.2311800000294;15.2442300007127;50
1378318252;40.2309100000278;15.2434200007011;51
1378318252;40.2305000000253;15.241790000678;52
1378318252;40.2302500000235;15.2400700006542;53
1378318252;40.2302000000229;15.2390500006403;54
1378318252;40.2302000000226;15.2378400006241;55
1378318252;40.2303500000227;15.2360800006009;56
1378318252;40.2305100000231;15.2351700005891;57
1378318252;40.2309200000242;15.2335500005685;58
1378318252;40.2314500000257;15.2317100005456;59
1378318252;40.2317200000266;15.2309800005367;60
1378318252;40.2334200000308;15.2258400004764;61
1378318252;40.233510000031;15.2255600004733;62
1378318252;40.2337100000314;15.2247900004647;63
1378318252;40.2340100000318;15.2234000004495;64
1378318252;40.2340600000315;15.2224500004394;65
1378318252;40.2340500000309;15.221450000429;66
1378318252;40.23392000003;15.220380000418;67
1378318252;40.2336000000281;15.2187200004015;68
1378318252;40.2330900000255;15.2164300003794;69
1378318252;40.2328100000241;15.2152800003686;70
1378318252;40.2324200000226;15.2144000003606;71
1378318252;40.2318500000205;15.213550000353;72
1378318252;40.2311900000183;15.2127100003456;73
1378318252;40.2308900000172;15.2122100003412;74
1378318252;40.2306600000163;15.2114700003347;75
1378318252;40.2305600000159;15.2108000003289;76
1378318252;40.2306200000158;15.209880000321;77
1378318252;40.2308500000161;15.2087000003109;78
1378318252;40.2309500000161;15.2077200003028;79
1378318252;40.2308800000157;15.2069400002964;80
1378318252;40.2307300000151;15.2063400002916;81
1378318252;40.2305000000143;15.2057200002867;82
1378318252;40.2301500000132;15.2050800002818;83
1378318252;40.2298400000123;15.2043900002765;84
1378318252;40.2297100000118;15.203930000273;85
1378318252;40.2295300000112;15.2031900002674;86
1378318252;40.2293400000104;15.201390000254;87
1378318252;40.2292500000101;15.2009500002508;88
1378318252;40.2284900000079;15.1984600002333;89
1378318252;40.2283900000076;15.1980400002305;90
1378318252;40.228200000007;15.1970200002236;91
1378318252;40.2281300000067;15.1958200002156;92
1378318252;40.2281800000066;15.194640000208;93
1378318252;40.2282900000066;15.1929200001972;94
1378318252;40.2283400000066;15.1917800001902;95
1378318252;40.2283500000062;15.1889700001738;96
1378318252;40.2282200000057;15.1870400001631;97
1378318252;40.2281000000053;15.1856500001556;98
1378318252;40.2277300000044;15.1827100001407;99
1378318252;40.2276500000041;15.1815500001351;100
1378318252;40.2277000000041;15.1804700001299;101
1378318252;40.2278700000043;15.1795300001256;102
1378318252;40.2281300000046;15.1785800001213;103
1378318252;40.2287900000053;15.1765800001125;104
1378318252;40.2293900000058;15.1746000001042;105
1378318252;40.229600000006;15.1736800001005;106
1378318252;40.229690000006;15.1731800000985;107
1378318252;40.229780000006;15.1721300000945;108
1378318252;40.2298100000058;15.1709600000901;109
1378318252;40.2297300000055;15.1694400000847;110
1378318252;40.2296400000052;15.1681900000804;111
1378318252;40.229600000005;15.1668400000759;112
1378318252;40.2296500000049;15.1658300000726;113
1378318252;40.2297600000049;15.1649300000698;114
1378318252;40.2299800000049;15.1637900000663;115
1378318252;40.230250000005;15.1629200000637;116
1378318252;40.2303600000051;15.1626300000628;117
1378318252;40.2307300000053;15.1618000000604;118
1378318252;40.2308600000054;15.1615400000597;119
1378318252;40.2311700000056;15.160960000058;120
1378318252;40.2329800000065;15.1579000000497;121
1378318252;40.2331000000066;15.1578200000495;122
1378318252;40.2332000000066;15.1577900000494;123
1378318252;40.2333100000067;15.1577900000494;124
1378318252;40.2333900000068;15.1578400000495;125
1378318252;40.2334800000069;15.1579300000497;126
1378318252;40.233550000007;15.15807000005;127
1378318252;40.233550000007;15.1582600000505;128
1378318252;40.233520000007;15.1584300000509;129
1378318252;40.233450000007;15.1585700000513;130
1378318252;40.2333400000069;15.1586800000516;131
1378318252;40.2331700000068;15.1587200000517;132
1378318252;40.2329800000067;15.1586900000517;133
1378318252;40.2327800000065;15.1586300000516;134
1378318252;40.232270000006;15.158380000051;135
1378318252;40.232220000006;15.1582700000508;136
1378318252;40.2321800000059;15.1581300000504;137
1378318252;40.2320700000058;15.1580400000502;138
1378318252;40.2319500000057;15.1579900000501;139
1378318252;40.2318800000056;15.1579800000501;140
1378318252;40.2313600000053;15.1586100000518;141
1378318252;40.2310200000051;15.1589400000527;142
1378318252;40.2301000000044;15.159770000055;143
1378318252;40.2297500000042;15.1600500000558;144
1378318252;40.229560000004;15.1601700000561;145
1378318252;40.229510000004;15.1602700000564;146
1378318252;40.2290600000036;15.1602500000564;147
1378318252;40.2289400000035;15.1601800000562;148
1378318252;40.2288500000034;15.1600400000558;149
1378318252;40.2288500000033;15.1598000000552;150
1378318252;40.2299700000041;15.1584400000516;151
1378318252;40.2299400000041;15.1582800000511;152
1378318252;40.229790000004;15.1583000000512;153
1378318252;40.2294000000037;15.1587700000525;154
1378318252;40.2293800000037;15.158980000053;155
1378318252;40.2294200000038;15.1591100000533;156
1378318252;40.2288100000033;15.1598500000553;157
1378318252;40.2285300000031;15.1601400000561;158
1378318252;40.228360000003;15.1602500000564;159
1378318252;40.2282800000029;15.1604000000568;160
1378318252;40.2278900000026;15.1608800000582;161
1378318252;40.2273900000022;15.1614300000597;162
1378318252;40.2272800000021;15.1616100000603;163
1378318252;40.227150000002;15.1617400000606;164
1378318252;40.2266400000015;15.1624900000628;165
1378318252;40.2265200000014;15.1627000000634;166
1378318252;40.2263100000012;15.1629900000642;167
1378318252;40.2258800000008;15.1635100000658;168
1378318252;40.2257700000007;15.1636200000661;169
1378318252;40.2255600000005;15.163900000067;170
1378318252;40.2253800000003;15.1642200000679;171
1378318252;40.2249599999999;15.1654800000718;172
1378318252;40.2248099999997;15.1661500000739;173
1378318252;40.2246199999995;15.1674700000783;174
1378318252;40.2245599999994;15.1676400000788;175
1378318252;40.2244799999994;15.167700000079;176
1378318252;40.2242699999991;15.1676100000787;177
1378318252;40.2240599999989;15.1674400000781;178
1378318252;40.2236099999984;15.1669200000764;179
1378318252;40.223239999998;15.1664100000747;180
1378318252;40.2225899999974;15.1657000000724;181
1378318252;40.2222999999971;15.1654500000716;182
1378318252;40.2219899999968;15.1652400000709;183
1378318252;40.2214599999963;15.1650300000702;184
1378318252;40.221199999996;15.1648900000698;185
1378318252;40.2209599999958;15.1646800000691;186
1378318252;40.2207599999956;15.1643900000682;187
1378318252;40.2201399999952;15.1633300000649;188
1378318252;40.219899999995;15.1630800000642;189
1378318252;40.2196199999947;15.1628500000634;190
1378318252;40.2191599999943;15.1626000000627;191
1378318252;40.2189799999942;15.1625900000626;192
1378318252;40.2171699999927;15.1616600000596;193
1378318252;40.2165099999922;15.1612900000584;194
1378318252;40.2160499999918;15.1611500000579;195
1378318252;40.2155199999914;15.1610300000575;196
1378318252;40.2151899999911;15.1610500000574;197
1378318252;40.2148099999908;15.1611400000576;198
1378318252;40.2145899999905;15.1612300000578;199
1378318252;40.2141799999901;15.1615400000585;200
1378318252;40.2139699999899;15.1616700000588;201
1378318252;40.2137999999897;15.1617200000589;202
1378318252;40.2135699999895;15.1616900000587;203
1378318252;40.2131999999893;15.1615300000582;204
1378318252;40.2129699999891;15.1614100000578;205
1378318252;40.2119299999885;15.1607400000556;206
1378318252;40.2117199999884;15.1606700000553;207
1378318252;40.2114999999882;15.1606500000552;208
1378318252;40.211259999988;15.1606600000551;209
1378318252;40.2110199999878;15.1607200000552;210
1378318252;40.2108499999876;15.1607400000552;211
1378318252;40.2105399999874;15.1606700000549;212
1378318252;40.2101899999872;15.1605600000544;213
1378318252;40.2097299999869;15.1604900000541;214
1378318252;40.2094599999867;15.160490000054;215
1378318252;40.2090199999863;15.1605400000539;216
1378318252;40.208579999986;15.1605500000537;217
1378318252;40.2081499999857;15.1605900000536;218
1378318252;40.2078899999855;15.1605100000533;219
1378318252;40.2078299999855;15.1604500000531;220
1378318252;40.2075799999854;15.1603100000526;221
1378318252;40.2071699999854;15.1597000000509;222
1378318252;40.2069899999854;15.1594800000502;223
1378318252;40.2068799999854;15.1593700000499;224
1378318252;40.2066899999853;15.1592600000495;225
1378318252;40.2063799999852;15.1590900000489;226
1378318252;40.2060899999851;15.1589800000485;227
1378318252;40.205959999985;15.1589600000484;228
1378318252;40.2057499999849;15.158860000048;229
1378318252;40.2054399999848;15.1587800000477;230
1378318252;40.2049699999846;15.158610000047;231
1378318252;40.2047199999845;15.1585700000468;232
1378318252;40.2044099999844;15.1583900000462;233
1378318252;40.2042899999843;15.1583700000461;234
1378318252;40.2040599999843;15.1582900000457;235
1378318252;40.2038199999841;15.1582600000455;236
1378318252;40.203609999984;15.1582600000454;237
1378318252;40.2027699999835;15.1584600000454;238
1378318252;40.202139999983;15.1586300000455;239
1378318252;40.2019699999829;15.1587000000455;240
1378318252;40.2014999999826;15.1587800000454;241
1378318252;40.2007299999821;15.1589600000454;242
1378318252;40.2003599999819;15.1590100000453;243
1378318252;40.2003999999821;15.1587100000446;244
1378318252;40.2007299999828;15.1578500000427;245
1378318252;40.2010299999836;15.1568900000407;246
1378318252;40.2014599999845;15.1557700000384;247
1378318252;40.2015699999848;15.1553300000375;248
1378318252;40.201659999985;15.155050000037;249
1378318252;40.2016599999853;15.1546700000362;250
1378318252;40.2017099999858;15.1537900000344;251
1378318252;40.2018999999873;15.1513600000297;252
1378318252;40.2019899999881;15.1499200000271;253
1378318252;40.2020299999883;15.1495400000265;254
1378318252;40.2020499999886;15.1491300000258;255
1378318252;40.2022399999898;15.1467700000221;256
1378318252;40.20223999999;15.1463900000215;257
1378318252;40.2022599999902;15.1461200000211;258
1378318252;40.2022199999903;15.1458800000207;259
1378318252;40.2020499999904;15.1455900000202;260
1378318252;40.2018599999906;15.1452000000195;261
1378318252;40.2015999999907;15.1447700000188;262
1378318252;40.2011599999912;15.1437100000171;263
1378318252;40.2009299999913;15.1434600000167;264
1378318252;40.2005899999914;15.1432600000162;265
1378318252;40.1997899999915;15.1428900000154;266
1378318252;40.1987899999917;15.1423900000142;267
1378318252;40.1984799999918;15.142280000014;268
1378318252;40.1981399999918;15.1422000000137;269
1378318252;40.1971799999919;15.142020000013;270
1378318252;40.1959499999922;15.1416600000119;271
1378318252;40.1951399999925;15.1413700000111;272
1378318252;40.1925099999937;15.1402900000084;273
1378318252;40.191889999994;15.1400300000077;274
1378318252;40.1916099999942;15.1398400000074;275
1378318252;40.1913999999944;15.139630000007;276
1378318252;40.1911799999946;15.1393700000067;277
1378318252;40.190929999995;15.1389400000061;278
1378318252;40.1907399999954;15.1385000000056;279
1378318252;40.1906299999958;15.137960000005;280
1378318252;40.190569999996;15.1375700000047;281
1378318252;40.1905699999962;15.1372400000044;282
1378318252;40.1907499999972;15.1356100000032;283
1378318252;40.1908099999979;15.1343300000023;284
1378318252;40.1907599999981;15.133930000002;285
1378318252;40.1906199999985;15.1333500000016;286
1378318252;40.190309999999;15.1327900000011;287
1378318252;40.1900499999993;15.1324400000007;288
1378318252;40.1900099999993;15.1324300000007;289
1378318252;40.1894299999999;15.1319900000001;290
1378318252;40.1891000000001;15.1319099999999;291
1378318252;40.1865400000016;15.1320799999986;292
1378318252;40.1861600000018;15.1320799999984;293
1378318252;40.1861743460456;15.1320600750136;294
1378318252;40.1861600000018;15.1320799999984;295
1378318252;40.1854800000023;15.132139999998;296
1378318252;40.1848400000028;15.1321699999976;297
1378318252;40.1846900000029;15.1320999999975;298
1378318252;40.1842700000034;15.1318099999971;299
1378318252;40.1841100000036;15.1316799999969;300
1378318252;40.1839100000038;15.1316099999968;301
1378318252;40.1835100000042;15.1315399999965;302
1378318252;40.1832700000044;15.1315399999964;303
1378318252;40.1830100000047;15.1314099999962;304
1378318252;40.182790000005;15.131259999996;305
1378318252;40.1824700000055;15.1309899999957;306
1378318252;40.1822800000058;15.1307299999954;307
1378318252;40.1820900000063;15.1303099999952;308
1378318252;40.1818000000072;15.1293399999947;309
1378318252;40.1816300000076;15.1289299999945;310
1378318252;40.1813500000081;15.1285099999942;311
1378318252;40.1809400000089;15.1279899999938;312
1378318252;40.1807700000092;15.1277399999937;313
1378318252;40.1804700000098;15.1272099999934;314
1378318252;40.1803500000101;15.1270299999933;315
1378318252;40.1802900000103;15.1267199999932;316
1378318252;40.1802600000105;15.1263799999931;317
1378318252;40.1802200000114;15.1250399999929;318
1378318252;40.1800700000119;15.1243199999928;319
1378318252;40.1798700000122;15.1242699999927;320
1378318252;40.1793600000129;15.1240899999924;321
1378318252;40.1789600000135;15.1238699999922;322
1378318252;40.1782000000148;15.1231899999918;323
1378318252;40.178120000015;15.1230899999917;324
1378318252;40.178190000015;15.1227699999918;325
1378318252;40.178310000015;15.1226299999918;326
1378318252;40.1784500000148;15.1225299999919;327
1378318252;40.1787000000146;15.122429999992;328
1378318252;40.1787900000146;15.1222499999921;329
1378318252;40.1788100000146;15.1220899999921;330
1378318252;40.1788100000148;15.1218099999921;331
1378318252;40.178770000015;15.1214499999921;332
1378318252;40.1787200000152;15.1212499999921;333
1378318252;40.1784000000158;15.120749999992;334
1378318252;40.1780900000165;15.1201699999919;335
1378318252;40.1779700000167;15.1199799999919;336
1378318252;40.1779400000169;15.1198399999919;337
1378318252;40.1779600000169;15.1197599999919;338
1378318252;40.1780700000168;15.1196399999919;339
1378318252;40.1783000000166;15.1194599999921;340
1378318252;40.1783600000166;15.1192599999921;341
1378318252;40.1783700000167;15.1190799999922;342
1378318252;40.1781600000176;15.1175699999923;343
1378318252;40.1781300000177;15.1174399999923;344
1378318252;40.1780700000178;15.1173099999923;345
1378318252;40.1778400000183;15.1170499999923;346
1378318252;40.1778200000184;15.1168299999923;347
1378318252;40.1780500000183;15.1164099999925;348
1378318252;40.1781500000182;15.1161199999926;349
1378318252;40.1782200000183;15.1157899999927;350
1378318252;40.1782100000184;15.1154499999928;351
1378318252;40.1781600000187;15.1148999999929;352
1378318252;40.1781500000189;15.114369999993;353
1378318252;40.1782100000191;15.1137399999932;354
1378318252;40.1781900000191;15.1135999999933;355
1378318252;40.17774000002;15.1128199999933;356
1378318252;40.1776600000202;15.1125699999934;357
1378318252;40.1775400000207;15.1114899999937;358
1378318252;40.1774900000209;15.1112599999938;359
1378318252;40.1773700000211;15.1110699999938;360
1378318252;40.1771900000214;15.1109999999938;361
1378318252;40.1770100000217;15.1108599999938;362
1378318252;40.1769500000219;15.1104699999939;363
1378318252;40.1768100000222;15.110129999994;364
1378318252;40.1765800000226;15.1098199999941;365
1378318252;40.1759100000237;15.1093499999941;366
1378318252;40.1758000000239;15.1091599999941;367
1378318252;40.1757500000241;15.1089599999942;368
1378318252;40.1756900000245;15.1077699999947;369
1378318252;40.1757900000244;15.1073799999949;370
1378318252;40.1759600000242;15.1069899999951;371
1378318252;40.176140000024;15.1066599999953;372
1378318252;40.1762600000239;15.1064799999954;373
1378318252;40.1762700000239;15.1063399999954;374
1378318252;40.176230000024;15.1062399999955;375
1378318252;40.1758900000245;15.1060399999955;376
1378318252;40.1758600000246;15.1059599999955;377
1378318252;40.1757700000248;15.1058399999956;378
1378318252;40.1755100000253;15.104939999996;379
1378318252;40.1753800000256;15.1046399999961;380
1378318252;40.1751200000262;15.1036199999965;381
1378318252;40.1749000000266;15.1030599999968;382
1378318252;40.1746300000271;15.1022699999972;383
1378318252;40.1745200000273;15.1020899999973;384
1378318252;40.1743400000276;15.1018699999974;385
1378318252;40.1742800000278;15.1017399999974;386
1378318252;40.1742700000278;15.1015799999975;387
1378318252;40.1743200000277;15.1013299999976;388
1378318252;40.1743100000278;15.1011799999977;389
1378318252;40.1742300000279;15.1010099999978;390
1378318252;40.1738500000286;15.100689999998;391
1378318252;40.1734300000293;15.1000999999982;392
1378318252;40.1733700000295;15.0998799999984;393
1378318252;40.1733300000296;15.0991999999987;394
1378318252;40.1733000000297;15.0982099999993;395
1378318252;40.1733200000296;15.0979599999995;396
1378318252;40.1734700000294;15.0975399999997;397
1378318252;40.1735300000293;15.0971099999999;398
1378318252;40.1736400000291;15.0965900000002;399
1378318252;40.1736100000291;15.0960000000006;400
1378318252;40.1736100000291;15.0956200000008;401
1378318252;40.1737100000289;15.095270000001;402
1378318252;40.1737900000288;15.0950600000011;403
1378318252;40.1741000000283;15.0947800000012;404
1378318252;40.1742700000279;15.0937800000018;405
1378318252;40.1743600000277;15.093420000002;406
1378318252;40.1744100000276;15.0929800000022;407
1378318252;40.1744200000276;15.0927100000023;408
1378318252;40.1743600000276;15.0921500000026;409
1378318252;40.1743300000274;15.0903000000036;410
1378318252;40.1743600000273;15.0898500000038;411
1378318252;40.1743200000273;15.089530000004;412
1378318252;40.1743300000273;15.089460000004;413
1378318252;40.1743300000271;15.0886000000045;414
1378318252;40.174360000027;15.0881500000047;415
1378318252;40.174350000027;15.0879200000048;416
1378318252;40.174320000027;15.0877000000049;417
1378318252;40.174190000027;15.0871300000052;418
1378318252;40.1741200000271;15.0867300000054;419
1378318252;40.174060000027;15.0860200000058;420
1378318252;40.173990000027;15.085530000006;421
1378318252;40.173940000027;15.0852900000062;422
1378318252;40.1738000000272;15.0850000000063;423
1378318252;40.1734500000276;15.0845300000066;424
1378318252;40.1732800000278;15.0842300000068;425
1378318252;40.1732400000278;15.0840600000069;426
1378318252;40.1733500000276;15.083900000007;427
1378318252;40.173660000027;15.083630000007;428
1378318252;40.1737400000268;15.083540000007;429
1378318252;40.1738900000265;15.0833000000071;430
1378318252;40.1739700000264;15.0832800000071;431
1378318252;40.1740800000262;15.083310000007;432
1378318252;40.1745400000255;15.0834800000068;433
1378318252;40.1750100000247;15.0833000000067;434
1378318252;40.1751200000245;15.0831900000068;435
1378318252;40.1752000000243;15.0829900000068;436
1378318252;40.175370000024;15.0826900000069;437
1378318252;40.1755700000236;15.0825300000069;438
1378318252;40.1758800000231;15.0824000000068;439
1378318252;40.1762900000224;15.0821300000068;440
1378318252;40.1770100000212;15.0817700000067;441
1378318252;40.1770800000211;15.0817000000067;442
1378318252;40.177130000021;15.0816200000067;443
1378318252;40.1771700000209;15.0814800000067;444
1378318252;40.1771300000209;15.0812100000068;445
1378318252;40.1769500000209;15.0805900000071;446
1378318252;40.176740000021;15.0799400000074;447
1378318252;40.176600000021;15.0795700000075;448
1378318252;40.1764600000212;15.0795400000076;449
1378318252;40.1760700000218;15.0796300000077;450
1378318252;40.175960000022;15.0796300000078;451
1378318252;40.1757400000223;15.0795800000078;452
1378318252;40.1755200000226;15.079500000008;453
1378318252;40.1753600000228;15.079420000008;454
1378318252;40.1752600000229;15.0793100000081;455
1378318252;40.1751300000231;15.0792100000082;456
1378318252;40.1750900000231;15.0792100000082;457
1378318252;40.1750400000232;15.0792400000082;458
1378318252;40.1749500000234;15.0793600000082;459
1378318252;40.1749200000235;15.0795000000082;460
1378318252;40.1749300000236;15.0797500000081;461
1378318252;40.1749100000237;15.0798700000081;462
1378318252;40.1748800000238;15.079950000008;463
1378318252;40.1748200000239;15.080020000008;464
1378318252;40.1747100000241;15.0801000000081;465
1378318252;40.1746500000242;15.080180000008;466
1378318252;40.1744600000246;15.080510000008;467
1378318252;40.1743200000249;15.080670000008;468
1378318252;40.1742000000252;15.080780000008;469
1378318252;40.1741400000253;15.080810000008;470
1378318252;40.1740100000255;15.080860000008;471
1378318252;40.1739700000255;15.080840000008;472
1378318252;40.1736900000259;15.0805200000083;473
1378318252;40.1732800000264;15.0801200000086;474
1378318252;40.1730700000267;15.0800700000087;475
1378318252;40.1730100000268;15.0801000000087;476
1378318252;40.172950000027;15.0801700000087;477
1378318252;40.1729000000271;15.0802600000087;478
1378318252;40.1728100000273;15.0805200000086;479
1378318252;40.1726500000277;15.0806800000086;480
1378318252;40.172490000028;15.0807300000086;481
1378318252;40.1720400000287;15.0807300000088;482
1378318252;40.171890000029;15.0806900000089;483
1378318252;40.1717600000292;15.0806000000089;484
1378318252;40.1717100000292;15.080490000009;485
1378318252;40.1716900000292;15.0803700000091;486
1378318252;40.171700000029;15.0799500000092;487
1378318252;40.171670000029;15.0797300000093;488
1378318252;40.171570000029;15.0794300000095;489
1378318252;40.1714700000291;15.0792500000096;490
1378318252;40.1713700000293;15.0791100000097;491
1378318252;40.1709800000298;15.07878000001;492
1378318252;40.17087000003;15.0786600000101;493
1378318252;40.1707600000301;15.0785000000102;494
1378318252;40.1703700000304;15.0775900000107;495
1378318252;40.1701100000307;15.077160000011;496
1378318252;40.1699800000307;15.0768800000112;497
1378318252;40.1698100000308;15.0763000000115;498
1378318252;40.169470000031;15.075450000012;499
1378318252;40.169270000031;15.0747500000123;500
1378318252;40.169150000031;15.0744600000125;501
1378318252;40.169130000031;15.0743100000125;502
1378318252;40.1691800000307;15.0739900000126;503
1378318252;40.1692000000305;15.0737300000127;504
1378318252;40.1691600000305;15.0735800000127;505
1378318252;40.1690900000305;15.0734200000128;506
1378318252;40.1687800000308;15.0728600000131;507
1378318252;40.1687200000308;15.0726700000132;508
1378318252;40.1687200000307;15.0725200000133;509
1378318252;40.1687600000305;15.0723700000133;510
1378318252;40.1692100000292;15.0716800000132;511
1378318252;40.1693700000287;15.0713200000132;512
1378318252;40.1693800000286;15.0711900000132;513
1378318252;40.1693800000285;15.0710900000132;514
1378318252;40.1693600000285;15.0709700000133;515
1378318252;40.1692800000285;15.0707800000134;516
1378318252;40.1691700000287;15.0706600000135;517
1378318252;40.168890000029;15.0704100000137;518
1378318252;40.1687700000291;15.0702100000138;519
1378318252;40.168770000029;15.0701200000138;520
1378318252;40.1689900000282;15.0695100000138;521
1378318252;40.1691200000277;15.0691000000137;522
1378318252;40.1691400000275;15.0688800000138;523
1378318252;40.1691200000274;15.0687200000138;524
1378318252;40.1690400000274;15.0684300000139;525
1378318252;40.1689600000274;15.068260000014;526
1378318252;40.1688700000275;15.068180000014;527
1378318252;40.1686100000279;15.0680400000142;528
1378318252;40.1682900000283;15.0678100000145;529
1378318252;40.1675300000293;15.0672000000151;530
1378318252;40.1673100000295;15.0669400000153;531
1378318252;40.1672500000295;15.0667900000154;532
1378318252;40.1672500000294;15.0666600000154;533
1378318252;40.1672800000292;15.0664600000154;534
1378318252;40.1673500000289;15.0662400000153;535
1378318252;40.1674400000286;15.0660500000153;536
1378318252;40.1677800000275;15.065610000015;537
1378318252;40.1680200000268;15.0652700000149;538
1378318252;40.1681000000266;15.0652300000148;539
1378318252;40.1683500000262;15.0652400000146;540
1378318252;40.1687700000256;15.0654100000143;541
1378318252;40.1694600000245;15.0655900000138;542
1378318252;40.1695300000243;15.0655900000137;543
1378318252;40.169660000024;15.0654100000136;544
1378318252;40.1698100000234;15.0649600000135;545
1378318252;40.1698200000232;15.0648000000135;546
1378318252;40.1698100000232;15.0647300000135;547
1378318252;40.1696800000231;15.0643500000136;548
1378318252;40.169680000023;15.0642200000135;549
1378318252;40.1697000000228;15.0641000000135;550
1378318252;40.1697900000226;15.0639800000134;551
1378318252;40.1703600000213;15.063590000013;552
1378318252;40.1708600000202;15.0632100000125;553
1378318252;40.1709500000199;15.0631200000124;554
1378318252;40.1710000000198;15.0630400000124;555
1378318252;40.1710700000195;15.0628400000123;556
1378318252;40.1710700000194;15.0627400000123;557
1378318252;40.1709700000191;15.0621500000123;558
1378318252;40.1710000000187;15.0617100000121;559
1378318252;40.1709800000186;15.0615200000121;560
1378318252;40.1709600000185;15.0614600000121;561
1378318252;40.1708200000186;15.0612400000122;562
1378318252;40.1707000000186;15.0611100000123;563
1378318252;40.1700900000191;15.0605600000126;564
1378318252;40.1698800000193;15.0603200000128;565
1378318252;40.1696200000193;15.0598700000129;566
1378318252;40.1695500000192;15.0596400000129;567
1378318252;40.1695500000191;15.0595800000128;568
1378318252;40.1695600000191;15.0595100000128;569
1378318252;40.1696100000189;15.0594200000127;570
1378318252;40.1697000000187;15.0593700000127;571
1378318252;40.170100000018;15.0592700000123;572
1378318252;40.1701700000178;15.0592200000122;573
1378318252;40.1702400000175;15.0590000000121;574
1378318252;40.1703100000168;15.0584100000118;575
1378318252;40.1703900000166;15.0583000000117;576
1378318252;40.1704400000165;15.0582600000116;577
1378318252;40.1704900000164;15.0582400000116;578
1378318252;40.170700000016;15.0582200000114;579
1378318252;40.1707500000159;15.0581900000113;580
1378318252;40.1708000000158;15.0581200000112;581
1378318252;40.1708600000155;15.0579700000111;582
1378318252;40.1708600000154;15.0578600000111;583
1378318252;40.1708500000154;15.0577800000111;584
1378318252;40.1707900000153;15.057600000011;585
1378318252;40.1707800000152;15.057460000011;586
1378318252;40.1707900000151;15.0573700000109;587
1378318252;40.171030000014;15.0567000000104;588
1378318252;40.1712100000135;15.0564300000101;589
1378318252;40.1713400000132;15.0562800000099;590
1378318252;40.1714600000128;15.0560900000097;591
1378318252;40.1716600000123;15.0558400000094;592
1378318252;40.1716500000122;15.0557700000094;593
1378318252;40.1717600000119;15.0556500000092;594
1378318252;40.1718200000116;15.055450000009;595
1378318252;40.1718600000113;15.0552200000089;596
1378318252;40.1718300000112;15.0549900000088;597
1378318252;40.171770000011;15.0547500000087;598
1378318252;40.1717100000105;15.0542000000084;599
1378318252;40.1717300000099;15.053660000008;600
1378318252;40.1716800000097;15.0533800000079;601
1378318252;40.1716700000096;15.0532400000078;602
1378318252;40.1716900000088;15.0525200000073;603
1378318252;40.1717200000084;15.052200000007;604
1378318252;40.1719000000077;15.0517200000065;605
1378318252;40.1719100000074;15.0515400000063;606
1378318252;40.171780000007;15.0510100000061;607
1378318252;40.1717600000068;15.0508000000059;608
1378318252;40.1717100000066;15.0505500000057;609
1378318252;40.1712300000055;15.0489700000049;610
1378318252;40.1712100000054;15.0488500000048;611
1378318252;40.1712000000047;15.0483100000043;612
1378318252;40.1711800000046;15.0482100000042;613
1378318252;40.1708100000044;15.047630000004;614
1378318252;40.170410000004;15.0467900000036;615
1378318252;40.1701400000037;15.0462700000034;616
1378318252;40.1701200000036;15.0462000000034;617
1378318252;40.1701000000034;15.0459900000031;618
1378318252;40.1700900000031;15.0457600000029;619
1378318252;40.1701000000029;15.0456000000027;620
1378318252;40.170270000002;15.0451000000019;621
1378318252;40.1705000000012;15.0446700000011;622
1378318252;40.1706200000009;15.0445500000008;623
1378318252;40.1714399999992;15.0440799999993;624
1378318252;40.171569999999;15.043979999999;625
1378318252;40.1715999999987;15.0438399999988;626
1378318252;40.1715699999985;15.0435999999985;627
1378318252;40.1713499999981;15.0431399999981;628
1378318252;40.1712899999979;15.0428999999979;629
1378318252;40.1712399999974;15.0424599999974;630
1378318252;40.1712499999971;15.0422899999971;631
1378318252;40.1720099999932;15.0399999999927;632
1378318252;40.1722699999921;15.0393799999914;633
1378318252;40.1726699999905;15.0384899999894;634
1378318252;40.1727199999902;15.0383299999891;635
1378318252;40.173019999989;15.0376899999875;636
1378318252;40.1733199999877;15.0369799999859;637
1378318252;40.1735499999869;15.0365399999847;638
1378318252;40.1736899999865;15.0363399999842;639
1378318252;40.1757999999811;15.0336499999759;640
1378318252;40.1758399999812;15.033729999976;641
1378318252;40.1758499999814;15.0338899999763;642
1378318252;40.1758199999816;15.0339799999766;643
1378318252;40.1757499999818;15.0340999999769;644
1378318252;40.1756199999825;15.034519999978;645
1378318252;40.175499999983;15.0348199999787;646
1378318252;40.175239999984;15.0353899999803;647
1378318252;40.1746399999857;15.0362799999828;648
1378318252;40.1745899999858;15.0363899999831;649
1378318252;40.174559999986;15.0365099999833;650
1378318252;40.1745399999865;15.036839999984;651
1378318252;40.1745099999867;15.0369499999842;652
1378318252;40.174379999987;15.0371099999847;653
1378318252;40.1741299999875;15.0373299999854;654
1378318252;40.1739499999881;15.0376099999862;655
1378318252;40.1738999999884;15.0378399999867;656
1378318252;40.1738999999886;15.0379799999869;657
1378318252;40.173909999989;15.0382899999874;658
1378318252;40.1739699999896;15.0387399999881;659
1378318252;40.1739999999897;15.0388399999883;660
1378318252;40.1741099999898;15.0389799999884;661
1378318252;40.1742999999898;15.0391099999884;662
1378318252;40.1744699999898;15.0392599999884;663
1378318252;40.1745799999899;15.0393899999885;664
1378318252;40.1746799999899;15.0394499999885;665
1378318252;40.1748599999897;15.0394799999883;666
1378318252;40.1750299999895;15.039429999988;667
1378318252;40.1751999999894;15.0394499999878;668
1378318252;40.1754999999896;15.039789999988;669
1378318252;40.1755799999897;15.0399599999882;670
1378318252;40.1756399999901;15.0402599999887;671
1378318252;40.1756799999901;15.0403299999887;672
1378318252;40.1757799999902;15.0404299999888;673
1378318252;40.1758399999902;15.0404599999887;674
1378318252;40.1759199999901;15.0404599999886;675
1378318252;40.1761399999898;15.0403699999882;676
1378318252;40.1762499999897;15.0403899999881;677
1378318252;40.1765699999899;15.0406899999883;678
1378318252;40.17669999999;15.0408699999884;679
1378318252;40.1770799999902;15.0413199999887;680
1378318252;40.1772199999902;15.0414099999887;681
1378318252;40.1773699999901;15.0414199999885;682
1378318252;40.1776099999898;15.0413199999881;683
1378318252;40.1776799999897;15.0412599999879;684
1378318252;40.1782299999883;15.040469999986;685
1378318252;40.1784599999877;15.0400899999851;686
1378318252;40.1786799999873;15.0398799999845;687
1378318252;40.1787699999871;15.0397699999842;688
1378318252;40.1788499999869;15.0396099999838;689
1378318252;40.1788999999868;15.0395499999837;690
1378318252;40.1789699999867;15.0395199999835;691
1378318252;40.1794299999864;15.0394699999829;692
1378318252;40.1795299999863;15.0394499999828;693
1378318252;40.1796099999862;15.0394099999826;694
1378318252;40.1796599999861;15.0393699999825;695
1378318252;40.179709999986;15.0392899999823;696
1378318252;40.1798499999856;15.0390099999816;697
1378318252;40.1798999999855;15.0389399999814;698
1378318252;40.1799599999854;15.0388999999813;699
1378318252;40.1800399999854;15.0389099999812;700
1378318252;40.1800899999854;15.0389399999812;701
1378318252;40.1802799999855;15.0391599999814;702
1378318252;40.1803799999856;15.0392199999814;703
1378318252;40.1806499999855;15.0392699999812;704
1378318252;40.1808699999854;15.039269999981;705
1378318252;40.1810299999853;15.0392999999808;706
1378318252;40.1814999999849;15.03913999998;707
1378318252;40.1816099999848;15.0390799999798;708
1378318252;40.1820999999845;15.0389999999791;709
1378318252;40.1823499999844;15.0389799999788;710
1378318252;40.1828299999842;15.0390499999785;711
1378318252;40.1830999999841;15.0390399999782;712
1378318252;40.183409999984;15.0389999999778;713
1378318252;40.1834699999839;15.0390099999777;714
1378318252;40.183529999984;15.0390499999777;715
1378318252;40.1837499999841;15.0392299999779;716
1378318252;40.1838499999841;15.0392299999778;717
1378318252;40.183929999984;15.0391699999776;718
1378318252;40.1839699999839;15.0391099999774;719
1378318252;40.1840099999838;15.0389799999771;720
1378318252;40.1840399999836;15.0388399999768;721
1378318252;40.1840499999834;15.0387099999766;722
1378318252;40.1840799999833;15.0386199999764;723
1378318252;40.1842199999831;15.0384699999759;724
1378318252;40.1845299999828;15.0382599999752;725
1378318252;40.1846099999827;15.038179999975;726
1378318252;40.1846399999826;15.0381199999748;727
1378318252;40.1846599999825;15.0379999999746;728
1378318252;40.1846199999823;15.0378199999742;729
1378318252;40.1845599999822;15.0377299999741;730
1378318252;40.1843199999821;15.037529999974;731
1378318252;40.184219999982;15.0374099999738;732
1378318252;40.1842099999819;15.0373499999737;733
1378318252;40.1842199999818;15.0372899999736;734
1378318252;40.1842599999817;15.0371899999733;735
1378318252;40.1843099999817;15.0371499999732;736
1378318252;40.1844299999816;15.037119999973;737
1378318252;40.1845599999816;15.037159999973;738
1378318252;40.1847199999817;15.037259999973;739
1378318252;40.1847699999817;15.037269999973;740
1378318252;40.1848299999817;15.0372799999729;741
1378318252;40.1850499999816;15.0372399999726;742
1378318252;40.1852299999816;15.0372599999725;743
1378318252;40.1855399999817;15.0374499999725;744
1378318252;40.1856199999818;15.0375299999726;745
1378318252;40.1856999999819;15.0376799999729;746
1378318252;40.1857499999821;15.0378299999731;747
1378318252;40.1857799999822;15.0379899999734;748
1378318252;40.1858499999824;15.0381399999736;749
1378318252;40.1859299999824;15.0382299999737;750
1378318252;40.1863499999827;15.038569999974;751
1378318252;40.1869299999833;15.0392699999748;752
1378318252;40.1872899999836;15.0396099999751;753
1378318252;40.1873699999836;15.0396499999751;754
1378318252;40.1875399999836;15.039679999975;755
1378318252;40.1876399999836;15.0396599999749;756
1378318252;40.1878099999834;15.0395599999746;757
1378318252;40.1879799999834;15.0395399999744;758
1378318252;40.1880299999834;15.0395799999744;759
1378318252;40.1882299999837;15.0399499999749;760
1378318252;40.1883699999838;15.040029999975;761
1378318252;40.1886899999839;15.0401699999749;762
1378318252;40.1893199999841;15.0404199999749;763
1378318252;40.1897899999841;15.0404799999746;764
1378318252;40.190159999984;15.0404499999742;765
1378318252;40.190219999984;15.0404599999742;766
1378318252;40.190299999984;15.0404899999742;767
1378318252;40.1909599999844;15.0408999999744;768
1378318252;40.1912399999844;15.0409099999742;769
1378318252;40.1913799999844;15.0409599999742;770
1378318252;40.1916099999846;15.0412099999744;771
1378318252;40.191929999985;15.041639999975;772
1378318252;40.1921899999851;15.0418799999752;773
1378318252;40.1923199999852;15.0419799999753;774
1378318252;40.1925499999854;15.0421199999754;775
1378318252;40.1925799999854;15.0421899999755;776
1378318252;40.1925599999855;15.0422399999756;777
1378318252;40.1925299999854;15.0422499999756;778
1378318252;40.1924299999854;15.0422199999756;779
1378318252;40.1921099999853;15.0420699999756;780
1378318252;40.1917699999852;15.0419499999757;781
1378318252;40.1916499999852;15.0418899999756;782
1378318252;40.1911799999848;15.0414699999753;783
1378318252;40.1911099999848;15.0414399999753;784
1378318252;40.1902399999848;15.0413199999757;785
1378318252;40.1901399999848;15.0413499999759;786
1378318252;40.1901199999849;15.041409999976;787
1378318252;40.1901499999849;15.041449999976;788
1378318252;40.190769999985;15.0416199999759;789
1378318252;40.190899999985;15.0416899999759;790
1378318252;40.1910099999851;15.041829999976;791
1378318252;40.1912599999856;15.0423399999768;792
1378318252;40.1913299999856;15.0424399999769;793
1378318252;40.1915899999858;15.0427099999771;794
1378318252;40.191969999986;15.0429699999773;795
1378318252;40.1921999999861;15.0430599999773;796
1378318252;40.1926999999863;15.0432999999773;797
1378318252;40.1932299999862;15.0432499999768;798
1378318252;40.1934499999862;15.0431699999765;799
1378318252;40.1940199999861;15.043089999976;800
1378318252;40.1941599999861;15.0430399999758;801
1378318252;40.1941999999861;15.0429999999757;802
1378318252;40.1943499999858;15.0426899999751;803
1378318252;40.1944199999858;15.0425899999748;804
1378318252;40.1944699999858;15.0425599999747;805
1378318252;40.1946699999858;15.0425799999746;806
1378318252;40.1947499999858;15.0425699999746;807
1378318252;40.1948199999858;15.0425499999745;808
1378318252;40.1949299999857;15.0424599999742;809
1378318252;40.1951199999857;15.042429999974;810
1378318252;40.1952999999857;15.0424399999739;811
1378318252;40.1954699999858;15.0424699999739;812
1378318252;40.1954999999858;15.0424899999739;813
1378318252;40.1955099999859;15.0426099999741;814
1378318252;40.1954799999859;15.0426699999742;815
1378318252;40.1948899999861;15.0429199999751;816
1378318252;40.1947399999861;15.0429899999753;817
1378318252;40.1946599999861;15.0430499999755;818
1378318252;40.1945399999862;15.0431999999758;819
1378318252;40.1943899999864;15.0434399999763;820
1378318252;40.1942499999865;15.0436099999767;821
1378318252;40.1940099999867;15.0438299999773;822
1378318252;40.1935999999869;15.044109999978;823
1378318252;40.1934599999869;15.0441699999782;824
1378318252;40.1929799999871;15.0443199999788;825
1378318252;40.1929099999871;15.044389999979;826
1378318252;40.1928499999872;15.0444999999792;827
1378318252;40.1927999999873;15.0446699999795;828
1378318252;40.1927999999875;15.0448899999799;829
1378318252;40.1928999999877;15.0451299999802;830
1378318252;40.1929299999878;15.0452799999804;831
1378318252;40.1929999999885;15.0462699999819;832
1378318252;40.1930299999887;15.0464799999822;833
1378318252;40.1929899999887;15.0465099999823;834
1378318252;40.1925899999887;15.0464799999825;835
1378318252;40.1924299999887;15.0464999999826;836
1378318252;40.1922799999889;15.046679999983;837
1378318252;40.192179999989;15.0468399999833;838
1378318252;40.1920699999893;15.0471599999838;839
1378318252;40.1920299999894;15.0473299999841;840
1378318252;40.1920399999895;15.0474299999842;841
1378318252;40.1920599999895;15.0474799999843;842
1378318252;40.1922799999897;15.0478299999846;843
1378318252;40.1923199999898;15.0479199999847;844
1378318252;40.1923299999898;15.0479799999848;845
1378318252;40.1923099999899;15.048079999985;846
1378318252;40.1922799999899;15.0481299999851;847
1378318252;40.1920199999902;15.0484499999857;848
1378318252;40.1919699999903;15.0485799999859;849
1378318252;40.1919599999904;15.048679999986;850
1378318252;40.1919999999905;15.0488199999862;851
1378318252;40.1920699999906;15.0489299999863;852
1378318252;40.1924599999908;15.0493799999866;853
1378318252;40.1924999999908;15.0494499999867;854
1378318252;40.192459999991;15.049649999987;855
1378318252;40.1922499999913;15.0500999999877;856
1378318252;40.1921899999915;15.050339999988;857
1378318252;40.1921299999916;15.0504499999882;858
1378318252;40.1920399999916;15.0504799999883;859
1378318252;40.1918199999916;15.0503999999883;860
1378318252;40.1916099999917;15.0504099999885;861
1378318252;40.1914699999917;15.0504499999886;862
1378318252;40.191079999992;15.0506099999891;863
1378318252;40.1908699999921;15.0507999999894;864
1378318252;40.1903799999927;15.0514299999905;865
1378318252;40.1902099999929;15.0515599999907;866
1378318252;40.1898099999932;15.0517499999912;867
1378318252;40.1896999999933;15.0518999999915;868
1378318252;40.1896599999934;15.0520599999917;869
1378318252;40.1896699999935;15.0521199999917;870
1378318252;40.1897199999935;15.0522299999918;871
1378318252;40.1898099999936;15.0523399999919;872
1378318252;40.1902499999937;15.052749999992;873
1378318252;40.1903599999938;15.0528799999921;874
1378318252;40.1904799999938;15.0530599999922;875
1378318252;40.1907099999941;15.0535199999925;876
1378318252;40.1907199999941;15.0535699999926;877
1378318252;40.1907099999946;15.0543299999933;878
1378318252;40.1907699999948;15.0545999999936;879
1378318252;40.1908099999949;15.0549099999938;880
1378318252;40.190829999995;15.0549699999939;881
1378318252;40.190859999995;15.0549699999939;882
1378318252;40.1908899999949;15.0548899999938;883
1378318252;40.1908899999948;15.0547999999937;884
1378318252;40.1908299999946;15.0543499999933;885
1378318252;40.1908199999943;15.0539299999929;886
1378318252;40.1908399999942;15.0537699999927;887
1378318252;40.190899999994;15.0535599999924;888
1378318252;40.190899999994;15.0534499999923;889
1378318252;40.1908799999939;15.0533299999922;890
1378318252;40.1907099999936;15.0528599999918;891
1378318252;40.1903899999934;15.0523299999915;892
1378318252;40.1903699999933;15.0521799999913;893
1378318252;40.1903999999932;15.0520999999912;894
1378318252;40.1906499999929;15.0518599999908;895
1378318252;40.1909599999928;15.0517499999905;896
1378318252;40.1912699999926;15.0516799999902;897
1378318252;40.1914199999926;15.05158999999;898
1378318252;40.1916299999924;15.0513999999896;899
1378318252;40.1916799999923;15.0513899999896;900
1378318252;40.1917999999923;15.0513999999895;901
1378318252;40.1919699999923;15.0514899999895;902
1378318252;40.1921599999924;15.0516799999896;903
1378318252;40.1922799999925;15.0518599999897;904
1378318252;40.1924099999927;15.05211999999;905
1378318252;40.1924699999927;15.05219999999;906
1378318252;40.1925299999927;15.05224999999;907
1378318252;40.1925899999927;15.05226999999;908
1378318252;40.1926699999927;15.0522499999899;909
1378318252;40.1927899999925;15.0520899999897;910
1378318252;40.1928499999924;15.0518899999894;911
1378318252;40.1930199999917;15.0508399999881;912
1378318252;40.1930999999915;15.0506099999877;913
1378318252;40.1933899999912;15.0502399999871;914
1378318252;40.1939399999908;15.0497599999861;915
1378318252;40.1945499999904;15.049149999985;916
1378318252;40.1947299999902;15.0489299999845;917
1378318252;40.19490999999;15.0486599999841;918
1378318252;40.1949799999899;15.0484799999838;919
1378318252;40.1950099999897;15.0481999999834;920
1378318252;40.1950599999896;15.047959999983;921
1378318252;40.1951199999895;15.0478999999829;922
1378318252;40.1951599999895;15.0478899999828;923
1378318252;40.1952599999895;15.0479499999829;924
1378318252;40.1957599999901;15.0487699999837;925
1378318252;40.1957699999901;15.0489199999839;926
1378318252;40.1956999999905;15.0495299999848;927
1378318252;40.1956999999907;15.049699999985;928
1378318252;40.1957499999909;15.0500299999854;929
1378318252;40.1958799999912;15.050549999986;930
1378318252;40.1959099999914;15.0509199999864;931
1378318252;40.1959399999915;15.0511099999867;932
1378318252;40.1959799999916;15.0512899999869;933
1378318252;40.1960599999917;15.0515199999871;934
1378318252;40.1961299999918;15.0516699999872;935
1378318252;40.1961999999919;15.0517899999873;936
1378318252;40.196419999992;15.0520399999875;937
1378318252;40.1966099999922;15.0523899999878;938
1378318252;40.1966899999923;15.052579999988;939
1378318252;40.1967599999926;15.0531899999886;940
1378318252;40.1967599999928;15.053509999989;941
1378318252;40.1967799999929;15.0536699999892;942
1378318252;40.1969299999929;15.0537899999892;943
1378318252;40.197129999993;15.0538199999891;944
1378318252;40.197249999993;15.0538899999892;945
1378318252;40.197329999993;15.0539999999892;946
1378318252;40.1973699999931;15.0541699999894;947
1378318252;40.1974299999934;15.0547099999899;948
1378318252;40.1974799999935;15.0549199999901;949
1378318252;40.1976399999936;15.0551899999903;950
1378318252;40.1977999999938;15.0555199999906;951
1378318252;40.1985199999942;15.0564099999911;952
1378318252;40.1988299999944;15.0569499999915;953
1378318252;40.1990599999946;15.0574299999918;954
1378318252;40.1991099999946;15.0574799999918;955
1378318252;40.1995299999946;15.0574899999917;956
1378318252;40.1998499999946;15.0575199999916;957
1378318252;40.2004599999945;15.0574299999912;958
1378318252;40.2007699999945;15.0574499999911;959
1378318252;40.2018299999945;15.0573699999906;960
1378318252;40.2019399999945;15.0573899999906;961
1378318252;40.2025699999947;15.0578199999908;962
1378318252;40.2027599999947;15.0578899999907;963
1378318252;40.2030899999947;15.0579299999907;964
1378318252;40.2035899999947;15.0578399999904;965
1378318252;40.2043099999947;15.0575999999899;966
1378318252;40.2044199999946;15.0574099999897;967
1378318252;40.2045299999945;15.0571499999894;968
1378318252;40.2046199999944;15.0568699999891;969
1378318252;40.2047499999943;15.0565399999887;970
1378318252;40.2048599999942;15.0563099999885;971
1378318252;40.2049099999942;15.0561499999883;972
1378318252;40.2049499999941;15.0558199999879;973
1378318252;40.205009999994;15.0556499999877;974
1378318252;40.205099999994;15.0554999999875;975
1378318252;40.2053599999939;15.0552299999871;976
1378318252;40.2054699999939;15.0550799999869;977
1378318252;40.2056399999938;15.0547599999865;978
1378318252;40.2059999999937;15.0543499999859;979
1378318252;40.2063699999936;15.0537799999851;980
1378318252;40.2064899999935;15.053699999985;981
1378318252;40.2067999999936;15.0536299999848;982
1378318252;40.2069199999936;15.0536499999848;983
1378318252;40.2072299999937;15.0537799999849;984
1378318252;40.2074199999938;15.0537999999848;985
1378318252;40.2075799999938;15.0537899999847;986
1378318252;40.2080299999938;15.0535899999844;987
1378318252;40.2084199999939;15.053359999984;988
1378318252;40.2085899999939;15.0531999999837;989
1378318252;40.2088199999938;15.0529399999833;990
1378318252;40.2089699999937;15.0525399999828;991
1378318252;40.2090799999936;15.0520499999821;992
1378318252;40.2091399999936;15.0518699999819;993
1378318252;40.2091799999935;15.0516899999816;994
1378318252;40.2092199999935;15.0516399999815;995
1378318252;40.2092699999935;15.0516299999815;996
1378318252;40.2093399999936;15.0516899999816;997
1378318252;40.2095299999937;15.0517899999816;998
1378318252;40.2097599999938;15.0520499999819;999
1378318252;40.2098899999939;15.052139999982;1000
1378318252;40.2099699999939;15.052169999982;1001
1378318252;40.2104099999941;15.0522199999819;1002
1378318252;40.2108499999943;15.0523999999821;1003
1378318252;40.2110799999943;15.052389999982;1004
1378318252;40.2115799999945;15.0522899999817;1005
1378318252;40.2117099999945;15.0522999999817;1006
1378318252;40.2118099999946;15.0524699999819;1007
1378318252;40.2118899999947;15.0526999999822;1008
1378318252;40.2120399999948;15.0528799999824;1009
1378318252;40.2121999999949;15.0530099999825;1010
1378318252;40.2123899999949;15.0530999999826;1011
1378318252;40.212569999995;15.0530999999825;1012
1378318252;40.2128499999951;15.0531999999826;1013
1378318252;40.2129899999953;15.0535099999829;1014
1378318252;40.2130399999953;15.053579999983;1015
1378318252;40.2131399999953;15.0536299999831;1016
1378318252;40.2134499999955;15.0537299999831;1017
1378318252;40.2135699999955;15.0537499999831;1018
1378318252;40.2136599999955;15.0538399999832;1019
1378318252;40.2138199999957;15.0540899999835;1020
1378318252;40.2139599999957;15.0542399999836;1021
1378318252;40.2146699999961;15.0547499999841;1022
1378318252;40.2150299999962;15.0548499999841;1023
1378318252;40.2151699999963;15.0548299999841;1024
1378318252;40.2153399999963;15.0548999999841;1025
1378318252;40.2155599999965;15.0551999999845;1026
1378318252;40.2160399999967;15.0555699999848;1027
1378318252;40.2161799999968;15.0556599999849;1028
1378318252;40.2164299999968;15.0557499999849;1029
1378318252;40.2165699999969;15.055839999985;1030
1378318252;40.216709999997;15.0558999999851;1031
1378318252;40.216909999997;15.0559199999851;1032
1378318252;40.2171599999971;15.055899999985;1033
1378318252;40.2173099999972;15.055909999985;1034
1378318252;40.2174299999972;15.055949999985;1035
1378318252;40.2176499999973;15.0560799999851;1036
1378318252;40.2178699999974;15.0561799999852;1037
1378318252;40.2181299999975;15.0560899999851;1038
1378318252;40.2188499999977;15.0562299999852;1039
1378318252;40.219499999998;15.0562499999851;1040
1378318252;40.219659999998;15.0562899999851;1041
1378318252;40.2198099999981;15.0564699999853;1042
1378318252;40.2199799999982;15.0566399999855;1043
1378318252;40.2201199999982;15.0567199999856;1044
1378318252;40.2203799999983;15.0568199999857;1045
1378318252;40.2204799999984;15.0568399999857;1046
1378318252;40.2207099999984;15.0567499999856;1047
1378318252;40.2207899999985;15.0566499999854;1048
1378318252;40.2210299999985;15.0561599999849;1049
1378318252;40.2211199999985;15.0560399999848;1050
1378318252;40.2212099999986;15.0559999999847;1051
1378318252;40.2215299999987;15.0560299999847;1052
1378318252;40.2217599999988;15.0558699999845;1053
1378318252;40.2218499999988;15.0558299999845;1054
1378318252;40.222499999999;15.0558199999844;1055
1378318252;40.2227099999991;15.0557699999844;1056
1378318252;40.2228699999992;15.0557499999843;1057
1378318252;40.2229599999992;15.0557599999843;1058
1378318252;40.2230399999992;15.0558199999844;1059
1378318252;40.2231799999993;15.0559999999846;1060
1378318252;40.2232999999993;15.0561199999847;1061
1378318252;40.2235299999994;15.0562699999849;1062
1378318252;40.2239699999996;15.0564499999851;1063
1378318252;40.2241299999996;15.0564699999851;1064
1378318252;40.2242199999997;15.0564399999851;1065
1378318252;40.2242999999997;15.0563299999849;1066
1378318252;40.2243799999997;15.0561099999847;1067
1378318252;40.2245199999998;15.0559399999845;1068
1378318252;40.2246799999999;15.0557799999843;1069
1378318252;40.2247999999999;15.0556999999842;1070
1378318252;40.2248799999999;15.0556899999842;1071
1378318252;40.22511;15.0557499999843;1072
1378318252;40.2254900000002;15.0556799999842;1073
1378318252;40.2258200000003;15.0557599999843;1074
1378318252;40.2260600000004;15.0557499999843;1075
1378318252;40.2265200000006;15.055479999984;1076
1378318252;40.227480000001;15.0551199999836;1077
1378318252;40.2279400000011;15.0549099999834;1078
1378318252;40.2280000000012;15.0548499999833;1079
1378318252;40.2280100000012;15.054569999983;1080
1378318252;40.2279500000012;15.0544599999828;1081
1378318252;40.2276600000011;15.0541899999825;1082
1378318252;40.2267100000007;15.053839999982;1083
1378318252;40.2265100000006;15.0537099999819;1084
1378318252;40.2263300000005;15.0536399999818;1085
1378318252;40.2261600000005;15.0535199999816;1086
1378318252;40.2256500000003;15.0532899999813;1087
1378318252;40.2255500000002;15.0531499999811;1088
1378318252;40.2254100000001;15.0528999999808;1089
1378318252;40.2253700000001;15.0527699999806;1090
1378318252;40.2253400000001;15.0525299999803;1091
1378318252;40.2253000000001;15.0523699999801;1092
1378318252;40.2251700000001;15.0520999999797;1093
1378318252;40.22508;15.0519899999796;1094
1378318252;40.2249399999999;15.0518899999795;1095
1378318252;40.2246499999998;15.0518199999794;1096
1378318252;40.2245399999998;15.0517599999793;1097
1378318252;40.2243599999997;15.0516199999791;1098
1378318252;40.2240599999995;15.051539999979;1099
1378318252;40.2238499999995;15.051529999979;1100
1378318252;40.2237799999994;15.0514999999789;1101
1378318252;40.2235099999993;15.0511599999785;1102
1378318252;40.2232899999992;15.0509299999781;1103
1378318252;40.2231899999991;15.0507799999779;1104
1378318252;40.2231599999991;15.0506799999778;1105
1378318252;40.2231599999991;15.0503099999773;1106
1378318252;40.223119999999;15.0502099999771;1107
1378318252;40.223019999999;15.050109999977;1108
1378318252;40.2227599999989;15.0499099999767;1109
1378318252;40.2226099999988;15.0498599999766;1110
1378318252;40.2223699999987;15.0496999999764;1111
1378318252;40.2222999999986;15.0496099999763;1112
1378318252;40.2222699999986;15.0495299999761;1113
1378318252;40.2222799999986;15.049459999976;1114
1378318252;40.2227899999988;15.0492199999756;1115
1378318252;40.223089999999;15.0489999999753;1116
1378318252;40.2234199999991;15.048819999975;1117
1378318252;40.2235999999992;15.0486699999748;1118
1378318252;40.2237299999993;15.0485299999745;1119
1378318252;40.2238599999994;15.0484399999744;1120
1378318252;40.2243599999996;15.048209999974;1121
1378318252;40.2246699999998;15.0480399999737;1122
1378318252;40.2248399999999;15.0479299999736;1123
1378318252;40.225;15.0477699999733;1124
1378318252;40.2252100000001;15.0474799999728;1125
1378318252;40.2254400000002;15.0472099999724;1126
1378318252;40.2256100000003;15.0469399999719;1127
1378318252;40.2257600000004;15.0465099999712;1128
1378318252;40.2258000000004;15.04581999997;1129
1378318252;40.2256900000004;15.0454499999693;1130
1378318252;40.2255800000003;15.045279999969;1131
1378318252;40.2248299999999;15.0444299999675;1132
1378318252;40.2245599999997;15.0440599999668;1133
1378318252;40.2243899999996;15.0437199999662;1134
1378318252;40.2244154699565;15.0437267919112;1135
1378318252;40.2243899999996;15.0437199999662;1136
1378318252;40.2242599999995;15.0435399999658;1137
1378318252;40.2241499999994;15.0434999999657;1138
1378318252;40.2240099999993;15.0435099999658;1139
1378318252;40.2238299999992;15.0434599999657;1140
1378318252;40.223479999999;15.043129999965;1141
1378318252;40.2232999999989;15.0430199999648;1142
1378318252;40.2229499999986;15.0429099999646;1143
1378318252;40.2223899999982;15.0426699999642;1144
1378318252;40.2223099999982;15.0426699999642;1145
1378318252;40.2221199999981;15.0427799999644;1146
1378318252;40.221949999998;15.0428499999646;1147
1378318252;40.2216099999977;15.0428699999646;1148
1378318252;40.2213299999976;15.0426899999643;1149
1378318252;40.2212999999975;15.0426299999642;1150
1378318252;40.2213099999974;15.0415899999621;1151
1378318252;40.2212999999974;15.0413599999616;1152
1378318252;40.2212799999974;15.0412899999615;1153
1378318252;40.2210699999972;15.0408999999607;1154
1378318252;40.2209899999971;15.0406399999601;1155
1378318252;40.2209399999971;15.0403699999596;1156
1378318252;40.220859999997;15.0401699999591;1157
1378318252;40.2207599999969;15.0400099999588;1158
1378318252;40.2205799999967;15.0398099999584;1159
1378318252;40.2203599999965;15.0394099999575;1160
1378318252;40.2200999999963;15.039159999957;1161
1378318252;40.2198999999961;15.0388899999564;1162
1378318252;40.219819999996;15.0388299999563;1163
1378318252;40.2196499999959;15.0388099999563;1164
1378318252;40.2193299999957;15.038659999956;1165
1378318252;40.2192699999956;15.0385899999558;1166
1378318252;40.2189399999953;15.0382999999552;1167
1378318252;40.2186699999951;15.0381099999548;1168
1378318252;40.2184899999949;15.0380199999546;1169
1378318252;40.2183799999948;15.0379199999544;1170
1378318252;40.2179299999944;15.0373199999531;1171
1378318252;40.2177599999942;15.0371699999527;1172
1378318252;40.2175999999941;15.0371099999526;1173
1378318252;40.2173999999939;15.0370699999526;1174
1378318252;40.2173099999939;15.0370699999526;1175
1378318252;40.2170499999936;15.0369399999523;1176
1378318252;40.2166399999933;15.0367899999521;1177
1378318252;40.216299999993;15.0366899999519;1178
1378318252;40.2162499999929;15.0366899999519;1179
1378318252;40.2161999999929;15.036709999952;1180
1378318252;40.2160599999928;15.0368299999523;1181
1378318252;40.2160099999929;15.0372399999533;1182
1378318252;40.2159599999929;15.0373699999536;1183
1378318252;40.2159199999929;15.0374199999537;1184
1378318252;40.2157699999928;15.0374599999539;1185
1378318252;40.2156699999925;15.0368299999524;1186
1378318252;40.2154699999923;15.0363899999514;1187
1378318252;40.2153499999921;15.0360799999506;1188
1378318252;40.215359999992;15.0357099999497;1189
1378318252;40.215429999992;15.0354599999491;1190
1378318252;40.215479999992;15.0351799999483;1191
1378318252;40.2154699999919;15.0349199999477;1192
1378318252;40.2154199999918;15.034669999947;1193
1378318252;40.2153299999916;15.0344499999465;1194
1378318252;40.2150599999913;15.0339999999454;1195
1378318252;40.2149199999911;15.0337899999449;1196
1378318252;40.214849999991;15.0337199999447;1197
1378318252;40.2146199999908;15.0335699999444;1198
1378318252;40.2142599999905;15.033409999944;1199
1378318252;40.2140199999903;15.033389999944;1200
1378318252;40.2135899999899;15.0332599999438;1201
1378318252;40.2134099999897;15.0332699999439;1202
1378318252;40.2131399999895;15.0332499999439;1203
1378318252;40.2128399999892;15.0331899999439;1204
1378318252;40.2125499999889;15.0330799999437;1205
1378318252;40.2122599999887;15.0329999999436;1206
1378318252;40.2120199999885;15.0329699999436;1207
1378318252;40.2112699999879;15.0330599999441;1208
1378318252;40.2110299999877;15.0331099999443;1209
1378318252;40.2104099999872;15.0331199999446;1210
1378318252;40.210169999987;15.0330399999445;1211
1378318252;40.2099099999868;15.0329099999442;1212
1378318252;40.2096099999864;15.0326999999438;1213
1378318252;40.2095099999863;15.0325499999434;1214
1378318252;40.209399999986;15.0321499999424;1215
1378318252;40.2086799999847;15.0304699999379;1216
1378318252;40.2085499999844;15.0302799999374;1217
1378318252;40.208189999984;15.0299499999366;1218
1378318252;40.2078299999835;15.0296499999359;1219
1378318252;40.2076899999834;15.0295799999357;1220
1378318252;40.2075599999833;15.0295799999358;1221
1378318252;40.2074799999832;15.0295999999359;1222
1378318252;40.207139999983;15.0298299999368;1223
1378318252;40.2065999999828;15.030159999938;1224
1378318252;40.2062299999826;15.0303799999389;1225
1378318252;40.2060399999826;15.0304699999392;1226
1378318252;40.2058699999824;15.0304699999393;1227
1378318252;40.2047299999814;15.0301099999389;1228
1378318252;40.2037199999804;15.0297699999385;1229
1378318252;40.2036299999803;15.0297199999384;1230
1378318252;40.2034599999802;15.0296899999384;1231
1378318252;40.20316999998;15.0297299999387;1232
1378318252;40.2030199999798;15.0296899999387;1233
1378318252;40.2028899999797;15.0296199999386;1234
1378318252;40.2027599999795;15.0294799999383;1235
1378318252;40.2026599999793;15.0293099999378;1236
1378318252;40.2026199999791;15.0290599999371;1237
1378318252;40.2026199999789;15.028709999936;1238
1378318252;40.2025799999786;15.0283899999351;1239
1378318252;40.2025399999785;15.0281599999344;1240
1378318252;40.2024799999783;15.0280499999341;1241
1378318252;40.2023899999782;15.0279599999339;1242
1378318252;40.202189999978;15.0278699999338;1243
1378318252;40.2019999999778;15.0277299999335;1244
1378318252;40.2017099999774;15.0274799999329;1245
1378318252;40.2009999999761;15.0265199999303;1246
1378318252;40.200879999976;15.0264299999301;1247
1378318252;40.2006999999758;15.0264099999302;1248
1378318252;40.2000199999755;15.0265999999313;1249
1378318252;40.1990999999752;15.0270099999333;1250
1378318252;40.1984199999751;15.0274399999352;1251
1378318252;40.197849999975;15.0277299999365;1252
1378318252;40.197529999975;15.0279399999374;1253
1378318252;40.197359999975;15.0281299999381;1254
1378318252;40.1969299999754;15.0289099999408;1255
1378318252;40.1968699999754;15.0289299999409;1256
1378318252;40.1967899999754;15.0288999999409;1257
1378318252;40.1967299999752;15.0287999999407;1258
1378318252;40.1967299999751;15.0286799999403;1259
1378318252;40.196849999975;15.0284499999395;1260
1378318252;40.1971299999748;15.0279899999379;1261
1378318252;40.1973399999747;15.027729999937;1262
1378318252;40.1985099999746;15.0268199999332;1263
1378318252;40.1988599999746;15.0264699999318;1264
1378318252;40.1990699999745;15.0262099999308;1265
1378318252;40.1991399999741;15.0257099999291;1266
1378318252;40.199179999974;15.0255799999287;1267
1378318252;40.199349999974;15.0253699999278;1268
1378318252;40.199539999974;15.0251899999271;1269
1378318252;40.2001199999739;15.0245699999246;1270
1378318252;40.2004999999738;15.0240999999227;1271
1378318252;40.2007699999738;15.0238499999216;1272
1378318252;40.2010099999738;15.0235799999205;1273
1378318252;40.2011799999738;15.0233599999196;1274
1378318252;40.2013399999738;15.023239999919;1275
1378318252;40.201499999974;15.0231899999187;1276
1378318252;40.2016799999741;15.0231699999185;1277
1378318252;40.2017899999742;15.0231899999185;1278
1378318252;40.2019899999745;15.0233199999188;1279
1378318252;40.2021899999748;15.0235099999194;1280
1378318252;40.2024599999752;15.0237299999199;1281
1378318252;40.2026799999756;15.0239699999206;1282
1378318252;40.202909999976;15.0242599999215;1283
1378318252;40.2030399999763;15.0244999999222;1284
1378318252;40.2031299999764;15.0245899999225;1285
1378318252;40.2031999999765;15.0245799999224;1286
1378318252;40.2032599999765;15.0245399999222;1287
1378318252;40.2032699999764;15.0244499999219;1288
1378318252;40.2032399999763;15.0243699999216;1289
1378318252;40.2027199999754;15.0236699999195;1290
1378318252;40.2023599999746;15.0230699999177;1291
1378318252;40.2020599999739;15.0224899999158;1292
1378318252;40.2016499999733;15.0222499999153;1293
1378318252;40.2013999999731;15.0222899999156;1294
1378318252;40.201079999973;15.0224299999163;1295
1378318252;40.2007799999729;15.0226799999175;1296
1378318252;40.2005799999729;15.0228999999184;1297
1378318252;40.1992199999726;15.0237799999226;1298
1378318252;40.1989599999725;15.0238999999232;1299
1378318252;40.1983399999721;15.0240299999241;1300
1378318252;40.198169999972;15.0240099999242;1301
1378318252;40.1979899999717;15.0238399999238;1302
1378318252;40.1973599999712;15.0238399999243;1303
1378318252;40.1971299999711;15.0238999999247;1304
1378318252;40.196769999971;15.0240899999257;1305
1378318252;40.1965399999711;15.0243599999268;1306
1378318252;40.1961899999711;15.0245899999279;1307
1378318252;40.1960699999712;15.0247199999284;1308
1378318252;40.1959599999712;15.0247799999287;1309
1378318252;40.1956899999711;15.0248799999293;1310
1378318252;40.195539999971;15.0248799999294;1311
1378318252;40.1953999999709;15.0248399999294;1312
1378318252;40.1952599999708;15.0248499999296;1313
1378318252;40.1949999999707;15.02490999993;1314
1378318252;40.1947799999706;15.0249899999305;1315
1378318252;40.1946699999707;15.0250899999309;1316
1378318252;40.1944099999707;15.0252399999317;1317
1378318252;40.1941699999705;15.0251899999317;1318
1378318252;40.1940699999705;15.0251899999318;1319
1378318252;40.1937999999704;15.0252499999323;1320
1378318252;40.1932199999701;15.0253399999331;1321
1378318252;40.1929799999701;15.0254299999336;1322
1378318252;40.1926399999702;15.0257099999349;1323
1378318252;40.1925799999702;15.0256899999349;1324
1378318252;40.19251999997;15.0255699999346;1325
1378318252;40.19253999997;15.0254799999342;1326
1378318252;40.1927199999699;15.0253199999335;1327
1378318252;40.1932899999697;15.0249099999316;1328
1378318252;40.1935099999698;15.0248399999312;1329
1378318252;40.1936099999698;15.024789999931;1330
1378318252;40.1936899999698;15.0247299999307;1331
1378318252;40.1938399999697;15.02456999993;1332
1378318252;40.1939099999696;15.0244699999296;1333
1378318252;40.1939599999696;15.0244399999295;1334
1378318252;40.1941999999697;15.0244199999292;1335
1378318252;40.1942599999697;15.024379999929;1336
1378318252;40.1943299999697;15.0243099999287;1337
1378318252;40.1944999999693;15.0237599999266;1338
1378318252;40.194739999969;15.0233899999252;1339
1378318252;40.194809999969;15.0233099999248;1340
1378318252;40.194879999969;15.0232799999246;1341
1378318252;40.1951799999692;15.0232299999242;1342
1378318252;40.1952899999691;15.0230899999236;1343
1378318252;40.1953999999688;15.0227699999224;1344
1378318252;40.1954299999688;15.022679999922;1345
1378318252;40.1954299999687;15.0226299999219;1346
1378318252;40.1954199999687;15.0225999999218;1347
1378318252;40.1953899999686;15.0225799999217;1348
1378318252;40.1953599999687;15.0225899999218;1349
1378318252;40.1952199999688;15.0228399999228;1350
1378318252;40.1951699999689;15.0229699999233;1351
1378318252;40.1950399999689;15.0230499999237;1352
1378318252;40.1949899999689;15.0230599999238;1353
1378318252;40.1948299999687;15.0230499999239;1354
1378318252;40.1947399999686;15.0229999999238;1355
1378318252;40.1945699999683;15.0228099999233;1356
1378318252;40.1945199999683;15.0227999999233;1357
1378318252;40.1944699999683;15.0227999999234;1358
1378318252;40.1943699999682;15.0228399999236;1359
1378318252;40.1940699999682;15.0229799999244;1360
1378318252;40.1940299999682;15.0229899999245;1361
1378318252;40.1939899999681;15.0229599999244;1362
1378318252;40.1939999999681;15.0228999999242;1363
1378318252;40.194079999968;15.0227999999237;1364
1378318252;40.1944799999679;15.022399999922;1365
1378318252;40.1944999999678;15.0223199999216;1366
1378318252;40.1944799999677;15.0222599999214;1367
1378318252;40.1944099999676;15.0221699999212;1368
1378318252;40.1942899999675;15.0221699999213;1369
1378318252;40.1940999999676;15.0223399999221;1370
1378318252;40.1939199999676;15.022539999923;1371
1378318252;40.1938399999676;15.0225499999231;1372
1378318252;40.1937899999675;15.022509999923;1373
1378318252;40.1937699999675;15.0224399999228;1374
1378318252;40.1937799999674;15.0223799999226;1375
1378318252;40.1938899999672;15.0221499999216;1376
1378318252;40.1939999999671;15.021999999921;1377
1378318252;40.1940899999671;15.0219099999206;1378
1378318252;40.1942799999671;15.02179999992;1379
1378318252;40.1943999999672;15.0217799999198;1380
1378318252;40.1944399999672;15.0217499999197;1381
1378318252;40.1944599999671;15.0216999999195;1382
1378318252;40.1944499999671;15.0216499999193;1383
1378318252;40.1943599999669;15.0215799999191;1384
1378318252;40.1940999999667;15.0215699999194;1385
1378318252;40.1939899999667;15.0215899999195;1386
1378318252;40.1937099999668;15.0218699999208;1387
1378318252;40.1935799999668;15.0219499999212;1388
1378318252;40.1934199999667;15.0219599999214;1389
1378318252;40.1933399999666;15.0219099999213;1390
1378318252;40.1932599999665;15.0218199999211;1391
1378318252;40.1938399999663;15.0212899999186;1392
1378318252;40.1940699999661;15.0209999999173;1393
1378318252;40.1941499999661;15.020929999917;1394
1378318252;40.1942899999661;15.0208499999165;1395
1378318252;40.1945599999662;15.020779999916;1396
1378318252;40.1947599999663;15.0206699999154;1397
1378318252;40.1951499999662;15.0203199999137;1398
1378318252;40.1952399999662;15.0202599999134;1399
1378318252;40.1953014360227;15.0201842688129;1400
1378318252;40.1952899999662;15.0202099999132;1401
1378318252;40.1954799999662;15.0201299999127;1402
1378318252;40.1960399999664;15.019819999911;1403
1378318252;40.1963699999664;15.0195599999096;1404
1378318252;40.1966599999664;15.0192899999083;1405
1378318252;40.1970399999664;15.0190199999069;1406
1378318252;40.1971099999664;15.0189799999067;1407
1378318252;40.1976399999667;15.0187899999055;1408
1378318252;40.1979599999668;15.0186299999045;1409
1378318252;40.1986499999671;15.0182199999023;1410
1378318252;40.1990999999673;15.0179799999009;1411
1378318252;40.2005199999679;15.017079999896;1412
1378318252;40.200669999968;15.0170399998957;1413
1378318252;40.2008099999682;15.0170699998957;1414
1378318252;40.2011199999688;15.0174199998969;1415
1378318252;40.2011699999689;15.017449999897;1416
1378318252;40.2013199999691;15.0174399998969;1417
1378318252;40.2014299999692;15.0174099998966;1418
1378318252;40.2015999999692;15.0172599998959;1419
1378318252;40.2017699999692;15.0170199998948;1420
1378318252;40.2017999999692;15.0169199998943;1421
1378318252;40.201799999969;15.0167699998937;1422
1378318252;40.2015999999684;15.0162399998916;1423
1378318252;40.2015699999682;15.0160799998909;1424
1378318252;40.2015899999681;15.0158999998901;1425
1378318252;40.2019399999677;15.0150699998863;1426
1378318252;40.2024599999676;15.0141499998817;1427
1378318252;40.2025099999675;15.0139799998809;1428
1378318252;40.2025299999673;15.0137199998798;1429
1378318252;40.2026099999672;15.0134499998785;1430
1378318252;40.2030399999672;15.0128199998752;1431
1378318252;40.203399999967;15.0120099998711;1432
1378318252;40.2034799999671;15.0119699998709;1433
1378318252;40.2036099999673;15.012019999871;1434
1378318252;40.2037999999677;15.0121899998717;1435
1378318252;40.2038899999678;15.0122199998717;1436
1378318252;40.2040099999679;15.0121499998713;1437
1378318252;40.2041199999678;15.0118699998699;1438
1378318252;40.2041299999677;15.0117099998691;1439
1378318252;40.2041699999676;15.0114699998679;1440
1378318252;40.2042699999676;15.011289999867;1441
1378318252;40.204909999968;15.0106899998636;1442
1378318252;40.2050899999681;15.0105299998627;1443
1378318252;40.2052099999683;15.0104699998623;1444
1378318252;40.2054099999685;15.0104299998619;1445
1378318252;40.2056399999687;15.0102999998611;1446
1378318252;40.2057699999688;15.0101199998601;1447
1378318252;40.2059999999688;15.009729999858;1448
1378318252;40.2061399999689;15.009549999857;1449
1378318252;40.2063499999691;15.0094399998563;1450
1378318252;40.2065399999693;15.0092999998555;1451
1378318252;40.2067499999695;15.0091099998544;1452
1378318252;40.2071899999699;15.0087599998523;1453
1378318252;40.2078399999708;15.0085399998507;1454
1378318252;40.207979999971;15.0084499998501;1455
1378318252;40.208089999971;15.0082799998492;1456
1378318252;40.2083499999711;15.0077499998462;1457
1378318252;40.2086299999711;15.0071199998427;1458
1378318252;40.2088399999711;15.0065699998396;1459
1378318252;40.209029999971;15.0060199998365;1460
1378318252;40.2092199999709;15.0053399998326;1461
1378318252;40.2097999999712;15.0041399998254;1462
1378318252;40.2099299999712;15.0038099998234;1463
1378318252;40.2100999999713;15.0034799998214;1464
1378318252;40.2102999999715;15.0031799998196;1465
1378318252;40.2106399999719;15.0027999998171;1466
1378318252;40.2110299999723;15.0022999998139;1467
1378318252;40.2112299999726;15.0020999998126;1468
1378318252;40.2114899999729;15.0019299998115;1469
1378318252;40.2122499999742;15.0016699998095;1470
1378318252;40.2125299999747;15.0015299998085;1471
1378318252;40.2130399999755;15.0011799998061;1472
1378318252;40.2138199999769;15.0008099998034;1473
1378318252;40.2143699999779;15.0005899998018;1474
1378318252;40.2147099999784;15.0002499997996;1475
1378318252;40.215109999979;14.9996899997959;1476
1378318252;40.2152599999792;14.9994499997943;1477
1378318252;40.2155999999798;14.9992799997931;1478
1378318252;40.2156999999801;14.9992899997931;1479
1378318252;40.2157899999803;14.9993499997934;1480
1378318252;40.216079999981;14.9996499997952;1481
1378318252;40.2166099999823;15.000269999799;1482
1378318252;40.2168099999828;15.0003999997997;1483
1378318252;40.2170299999833;15.0004699998001;1484
1378318252;40.2171399999835;15.0004699998;1485
1378318252;40.2172699999837;15.0004199997997;1486
1378318252;40.2182499999854;14.9993299997925;1487
1378318252;40.2183799999857;14.9991599997914;1488
1378318252;40.2188099999864;14.9987199997884;1489
1378318252;40.2189199999866;14.9983999997863;1490
1378318252;40.2188999999865;14.9982599997854;1491
1378318252;40.2188299999863;14.998039999784;1492
1378318252;40.2183499999849;14.9969499997769;1493
1378318252;40.2182099999845;14.9965399997741;1494
1378318252;40.2181699999843;14.9962099997719;1495
1378318252;40.2181699999841;14.9956499997681;1496
1378318252;40.2181899999841;14.9953799997662;1497
1378318252;40.218189999984;14.9950699997641;1498
1378318252;40.2181199999837;14.9945999997608;1499
1378318252;40.2181199999836;14.9943599997591;1500
1378318252;40.2181599999836;14.9941499997576;1501
1378318252;40.2186099999844;14.9931899997506;1502
1378318252;40.2188799999847;14.9921899997432;1503
1378318252;40.2193499999855;14.990699999732;1504
1378318252;40.219659999986;14.9898999997258;1505
1378318252;40.2198299999863;14.9892599997208;1506
1378318252;40.2204199999876;14.9880999997115;1507
1378318252;40.2205599999879;14.9877499997087;1508
1378318252;40.220629999988;14.987409999706;1509
1378318252;40.2209699999887;14.986319999697;1510
1378318252;40.2210699999889;14.9861399996955;1511
1378318252;40.2211499999891;14.9860899996951;1512
1378318252;40.2212299999893;14.9860899996951;1513
1378318252;40.2214299999899;14.9861899996959;1514
1378318252;40.2217599999908;14.9863899996975;1515
1378318252;40.2220599999917;14.9865099996984;1516
1378318252;40.2223799999926;14.9865599996988;1517
1378318252;40.2225799999931;14.9865099996983;1518
1378318252;40.2229599999941;14.9862399996961;1519
1378318252;40.2231899999947;14.9861199996951;1520
1378318252;40.2234099999954;14.9860599996946;1521
1378318252;40.223629999996;14.9860499996945;1522
1378318252;40.2238199999965;14.9861099996949;1523
1378318252;40.2239799999969;14.986239999696;1524
1378318252;40.2241599999974;14.9864999996981;1525
1378318252;40.2243099999979;14.9865799996988;1526
1378318252;40.2245199999984;14.9865599996986;1527
1378318252;40.2249999999998;14.9864499996977;1528
1378318252;40.2252400000004;14.9864499996977;1529
1378318252;40.2267000000044;14.9866699996996;1530
1378318252;40.2271800000057;14.9866799996997;1531
1378318252;40.2274400000064;14.9865699996988;1532
1378318252;40.2275600000068;14.9864599996979;1533
1378318252;40.2277100000073;14.9857099996918;1534
1378318252;40.227910000008;14.9845899996824;1535
1378318252;40.2277900000077;14.9843699996805;1536
1378318252;40.2275800000071;14.984079999678;1537
1378318252;40.2275000000069;14.9839399996768;1538
1378318252;40.2269700000054;14.9834299996723;1539
1378318252;40.2267400000048;14.9832399996707;1540
1378318252;40.226460000004;14.9831399996698;1541
1378318252;40.2252100000003;14.9828899996675;1542
1378318252;40.2250099999997;14.9827899996667;1543
1378318252;40.2248299999992;14.9825899996649;1544
1378318252;40.2246699999987;14.9822899996623;1545
1378318252;40.2245899999985;14.9819399996592;1546
1378318252;40.2245799999985;14.9815199996554;1547
1378318252;40.2246399999986;14.9809799996506;1548
1378318252;40.2250499999999;14.9792399996346;1549
1378318252;40.2252200000004;14.977379999617;1550
1378318252;40.2253200000007;14.9767199996107;1551
1378318252;40.225420000001;14.976339999607;1552
1378318252;40.2256000000016;14.9758599996023;1553
1378318252;40.2257500000021;14.9755499995992;1554
1378318252;40.2258100000023;14.9753099995968;1555
1378318252;40.2258100000023;14.9751699995954;1556
1378318252;40.2257600000022;14.9750399995941;1557
1378318252;40.225690000002;14.9749699995934;1558
1378318252;40.2255700000016;14.9749199995929;1559
1378318252;40.2252200000004;14.9748999995927;1560
1378318252;40.2246699999985;14.9748999995927;1561
1378318252;40.2243799999976;14.9748199995919;1562
1378318252;40.2240799999965;14.9745799995895;1563
1378318252;40.223919999996;14.9745999995897;1564
1378318252;40.2235899999949;14.9749799995936;1565
1378318252;40.2230199999931;14.9755399995992;1566
1378318252;40.2225299999915;14.975819999602;1567
1378318252;40.2223899999911;14.9759399996032;1568
1378318252;40.2222099999905;14.9761999996058;1569
1378318252;40.22204999999;14.9763899996077;1570
1378318252;40.2219299999896;14.9764499996083;1571
1378318252;40.2217899999892;14.9764399996082;1572
1378318252;40.2215399999884;14.9763299996072;1573
1378318252;40.221439999988;14.9763299996072;1574
1378318252;40.2209999999866;14.9765599996095;1575
1378318252;40.2208799999863;14.9765399996094;1576
1378318252;40.220819999986;14.9764899996089;1577
1378318252;40.220799999986;14.9764199996082;1578
1378318252;40.220829999986;14.9763599996076;1579
1378318252;40.2208699999862;14.9763299996073;1580
1378318252;40.2211799999872;14.9762799996068;1581
1378318252;40.221459999988;14.9760299996042;1582
1378318252;40.2216899999888;14.9759899996038;1583
1378318252;40.2218099999892;14.9759399996033;1584
1378318252;40.2221799999903;14.9755299995992;1585
1378318252;40.2221899999903;14.9754299995982;1586
1378318252;40.2221699999902;14.9753799995977;1587
1378318252;40.22210999999;14.9753399995973;1588
1378318252;40.2220299999898;14.9753599995975;1589
1378318252;40.2218999999894;14.9755499995994;1590
1378318252;40.2217499999889;14.9756299996003;1591
1378318252;40.2214499999879;14.9756299996003;1592
1378318252;40.2212999999874;14.9755599995997;1593
1378318252;40.2212599999872;14.9754499995986;1594
1378318252;40.2212699999873;14.9753499995976;1595
1378318252;40.2213899999876;14.9751599995957;1596
1378318252;40.2214699999878;14.9749599995936;1597
1378318252;40.2214699999878;14.9748599995927;1598
1378318252;40.2213699999874;14.9742899995869;1599
1378318252;40.2213599999873;14.9739599995836;1600
1378318252;40.2214199999874;14.9736399995803;1601
1378318252;40.221629999988;14.9729999995737;1602
1378318252;40.2222999999901;14.9714599995575;1603
1378318252;40.2224999999907;14.9707699995502;1604
1378318252;40.2228499999918;14.9699999995418;1605
1378318252;40.2232999999934;14.9693599995348;1606
1378318252;40.2235099999941;14.9690999995319;1607
1378318252;40.2239899999959;14.9687799995284;1608
1378318252;40.2241799999966;14.9687099995276;1609
1378318252;40.2245899999981;14.9686799995273;1610
1378318252;40.2246999999985;14.9686199995266;1611
1378318252;40.2249199999993;14.9684199995244;1612
1378318252;40.2251800000003;14.9681399995213;1613
1378318252;40.2253200000008;14.9677699995171;1614
1378318252;40.225650000002;14.9673699995126;1615
1378318252;40.2260300000035;14.9668099995063;1616
1378318252;40.2266400000059;14.9661999994994;1617
1378318252;40.2272100000082;14.965299999489;1618
1378318252;40.227410000009;14.9651099994868;1619
1378318252;40.2280500000115;14.9646099994811;1620
1378318252;40.2282000000122;14.9644399994791;1621
1378318252;40.2283500000128;14.9641599994758;1622
1378318252;40.2285600000137;14.9638899994727;1623
1378318252;40.228880000015;14.9635999994693;1624
1378318252;40.2293700000171;14.9632899994657;1625
1378318252;40.2296600000183;14.9630299994626;1626
1378318252;40.2301200000202;14.9627299994591;1627
1378318252;40.2310000000239;14.9624199994557;1628
1378318252;40.2311600000246;14.9623099994544;1629
1378318252;40.2313200000253;14.962109999452;1630
1378318252;40.2316400000268;14.9616299994462;1631
1378318252;40.2318300000276;14.9614599994442;1632
1378318252;40.2320400000285;14.9613299994427;1633
1378318252;40.2323400000298;14.9612199994415;1634
1378318252;40.2327000000313;14.9611299994405;1635
1378318252;40.2329200000322;14.9611199994405;1636
1378318252;40.2333400000339;14.9611899994415;1637
1378318252;40.2335000000346;14.9611899994416;1638
1378318252;40.2339000000363;14.9611399994412;1639
1378318252;40.2340400000368;14.9611699994416;1640
1378318252;40.2342400000376;14.961269999443;1641
1378318252;40.2344300000382;14.9614499994453;1642
1378318252;40.2345900000387;14.961739999449;1643
1378318252;40.234710000039;14.9620899994533;1644
1378318252;40.2348200000392;14.962549999459;1645
1378318252;40.2348300000391;14.9628099994621;1646
1378318252;40.2348000000388;14.9631099994657;1647
1378318252;40.2346700000379;14.9636799994724;1648
1378318252;40.2345500000373;14.9640199994764;1649
1378318252;40.2343900000365;14.9642099994786;1650
1378318252;40.2342300000359;14.9642999994796;1651
1378318252;40.2340500000351;14.9643699994803;1652
1378318252;40.2339900000349;14.9644199994808;1653
1378318252;40.2339700000348;14.9644699994814;1654
1378318252;40.2339800000347;14.964689999484;1655
1378318252;40.2340800000349;14.9649599994872;1656
1378318252;40.2341400000351;14.9650299994881;1657
1378318252;40.2343200000358;14.9650899994889;1658
1378318252;40.2346000000369;14.9650499994886;1659
1378318252;40.2347600000376;14.9649699994877;1660
1378318252;40.2350000000386;14.9647799994856;1661
1378318252;40.2354500000406;14.9643699994811;1662
1378318252;40.2361700000438;14.9636399994728;1663
1378318252;40.2364000000449;14.9634499994707;1664
1378318252;40.2364700000452;14.9634199994704;1665
1378318252;40.2365200000454;14.9634199994705;1666
1378318252;40.2365900000456;14.963459999471;1667
1378318252;40.2368900000463;14.9641599994795;1668
1378318252;40.2371800000469;14.9648999994884;1669
1378318252;40.2373000000472;14.9651599994915;1670
1378318252;40.2373900000475;14.9652199994922;1671
1378318252;40.2374800000478;14.9652099994922;1672
1378318252;40.2376100000484;14.9651199994912;1673
1378318252;40.23798000005;14.9647999994878;1674
1378318252;40.2380300000503;14.9647099994868;1675
1378318252;40.2382900000515;14.9644399994838;1676
1378318252;40.2385000000525;14.964189999481;1677
1378318252;40.238600000053;14.9640899994799;1678
1378318252;40.2386900000533;14.9640499994795;1679
1378318252;40.238870000054;14.9640399994795;1680
1378318252;40.2391000000549;14.9641199994806;1681
1378318252;40.2397200000568;14.9645499994862;1682
1378318252;40.2398600000573;14.9646299994873;1683
1378318252;40.2399700000577;14.9646299994873;1684
1378318252;40.2401200000584;14.9645699994868;1685
1378318252;40.2405000000602;14.9641799994825;1686
1378318252;40.2419200000672;14.9625599994645;1687
1378318252;40.2425800000705;14.9618499994565;1688
1378318252;40.243650000076;14.9605999994423;1689
1378318252;40.243830000077;14.9603499994394;1690
1378318252;40.2444900000804;14.9597099994321;1691
1378318252;40.2475500000968;14.9566499993966;1692
1378318252;40.2480000000992;14.9562199993915;1693
1378318252;40.2488400001035;14.9556599993853;1694
1378318252;40.2489900001042;14.9555999993847;1695
1378318252;40.2490600001046;14.9555299993839;1696
1378318252;40.2510300001145;14.9544399993723;1697
1378318252;40.2519000001189;14.9539199993666;1698
1378318252;40.2532600001267;14.9527299993526;1699
1378318252;40.2535500001285;14.9524099993487;1700
1378318252;40.2543800001338;14.9514299993365;1701
1378318252;40.2546700001354;14.9511999993338;1702
1378318252;40.25549000014;14.9506399993274;1703
1378318252;40.2559200001423;14.9503899993247;1704
1378318252;40.2561700001435;14.950309999324;1705
1378318252;40.2569000001468;14.9502199993242;1706
1378318252;40.257160000148;14.9501399993236;1707
1378318252;40.2573800001492;14.949999999322;1708
1378318252;40.2583400001551;14.9491299993115;1709
1378318252;40.2620200001787;14.9457099992693;1710
1378318252;40.2625000001817;14.945349999265;1711
1378318252;40.2626700001823;14.945389999266;1712
1378318252;40.2627500001828;14.945309999265;1713
1378318252;40.2630100001843;14.9451899992638;1714
1378318252;40.2639800001887;14.9450599992642;1715
1378318252;40.2668200002018;14.9445799992644;1716
1378318252;40.2686200002102;14.944229999264;1717
1378318252;40.2715800002235;14.9436999992646;1718
1378318252;40.2717100002239;14.9437299992654;1719
1378318252;40.2719200002244;14.9438299992676;1720
1378318252;40.2725500002257;14.9441699992747;1721
1378318252;40.2743300002316;14.944409999284;1722
1378318252;40.2746100002322;14.9445299992867;1723
1378318252;40.2747400002322;14.9446499992889;1724
1378318252;40.2751000002321;14.9450699992964;1725
1378318252;40.2757300002322;14.9457099993079;1726
1378318252;40.2759700002325;14.9458599993109;1727
1378318252;40.276200000233;14.945949999313;1728
1378318252;40.2764700002337;14.9459899993145;1729
1378318252;40.2768500002351;14.9459799993156;1730
1378318252;40.2774400002376;14.9458399993155;1731
1378318252;40.277830000239;14.9458199993165;1732
1378318252;40.2787000002417;14.94584999932;1733
1378318252;40.2803000002457;14.9461699993302;1734
1378318252;40.2806000002462;14.9462899993331;1735
1378318252;40.2815100002471;14.9467799993434;1736
1378318252;40.2817000002471;14.9469399993464;1737
1378318252;40.2822900002464;14.9475899993579;1738
1378318252;40.2824500002462;14.9477399993606;1739
1378318252;40.2827600002466;14.9478799993638;1740
1378318252;40.2836000002485;14.9480099993687;1741
1378318252;40.2838600002488;14.9481099993711;1742
1378318252;40.2840300002487;14.9482499993737;1743
1378318252;40.2842200002484;14.9484599993773;1744
1378318252;40.2844500002475;14.9488399993835;1745
1378318252;40.2848200002458;14.9495199993944;1746
1378318252;40.2851000002452;14.9498699994003;1747
1378318252;40.2854800002449;14.9501899994061;1748
1378318252;40.2858000002448;14.95038999941;1749
1378318252;40.2860500002449;14.9505199994127;1750
1378318252;40.2865000002448;14.9508199994185;1751
1378318252;40.286770000245;14.9509299994211;1752
1378318252;40.2877300002452;14.9514399994316;1753
1378318252;40.288160000245;14.9517099994369;1754
1378318252;40.2885100002447;14.9519599994416;1755
1378318252;40.2889500002437;14.9524399994496;1756
1378318252;40.289540000242;14.9531399994611;1757
1378318252;40.2899100002414;14.9534599994667;1758
1378318252;40.290190000241;14.9536699994706;1759
1378318252;40.2904000002409;14.9537899994729;1760
1378318252;40.2912200002502;14.9519599994524;1761
1378318252;40.2914000002529;14.9514299994461;1762
1378318252;40.2911100002537;14.9511099994407;1763
1378318252;40.2911970348707;14.9509953262574;1764