shape_id;shape_pt_lat;shape_pt_lon;shape_pt_sequence
1447635096;40.7736680510086;14.7940810324427;1
1447635096;40.7735993400159;14.794031330066;2
1447635096;40.7736742100155;14.7929820800628;3
1447635096;40.7741069900158;14.7929317800625;4
1447635096;40.7741600000157;14.7926800000618;5
1447635096;40.7743400000156;14.7921800000602;6
1447635096;40.7745500000156;14.791790000059;7
1447635096;40.7749100000156;14.7912200000573;8
1447635096;40.7750800000155;14.7908500000562;9
1447635096;40.7752900000153;14.7902500000545;10
1447635096;40.7755100000152;14.7898000000532;11
1447635096;40.7761600000152;14.7888900000505;12
1447635096;40.7764900000152;14.7883300000489;13
1447635096;40.776770000015;14.7877200000473;14
1447635096;40.7769400000148;14.787230000046;15
1447635096;40.7772000000144;14.7860400000431;16
1447635096;40.777350000014;14.7852800000413;17
1447635096;40.7774600000137;14.7845000000395;18
1447635096;40.7775500000132;14.7834700000372;19
1447635096;40.7776400000129;14.7827800000357;20
1447635096;40.7777600000127;14.7822300000346;21
1447635096;40.7779800000125;14.7817000000334;22
1447635096;40.7782200000124;14.7812700000324;23
1447635096;40.7785300000123;14.7808600000315;24
1447635096;40.7787800000122;14.7806200000309;25
1447635096;40.7789100000123;14.7806300000309;26
1447635096;40.7791100000124;14.780720000031;27
1447635096;40.7793700000129;14.7814400000322;28
1447635096;40.7793900000131;14.7817100000328;29
1447635096;40.7793700000132;14.7819200000332;30
1447635096;40.7792600000133;14.7822200000338;31
1447635096;40.7786500000134;14.7829600000356;32
1447635096;40.7782400000133;14.7831600000362;33
1447635096;40.7764900000129;14.7839400000387;34
1447635096;40.7758900000127;14.7841200000393;35
1447635096;40.7756200000125;14.7841700000396;36
1447635096;40.7751900000123;14.7842000000398;37
1447635096;40.774690000012;14.7841300000399;38
1447635096;40.7741400000116;14.7838800000395;39
1447635096;40.7738000000113;14.7836800000392;40
1447635096;40.7735600000111;14.7834900000389;41
1447635096;40.7731100000106;14.783000000038;42
1447635096;40.7726900000101;14.7823800000369;43
1447635096;40.7723800000097;14.7815900000354;44
1447635096;40.7722300000094;14.7809600000342;45
1447635096;40.7721600000091;14.7804600000332;46
1447635096;40.7721500000087;14.779260000031;47
1447635096;40.7726400000074;14.7747500000232;48
1447635096;40.7727200000072;14.7739900000221;49
1447635096;40.7727900000069;14.7731400000208;50
1447635096;40.7730100000064;14.7712200000181;51
1447635096;40.7731000000061;14.7702600000169;52
1447635096;40.7734800000053;14.7675000000136;53
1447635096;40.7737200000049;14.766040000012;54
1447635096;40.7741900000043;14.7634000000094;55
1447635096;40.7743000000041;14.7626500000087;56
1447635096;40.7743800000039;14.7619500000081;57
1447635096;40.7744000000036;14.7609800000074;58
1447635096;40.7743500000034;14.7599700000066;59
1447635096;40.7742000000031;14.7588600000059;60
1447635096;40.7739900000028;14.7579100000054;61
1447635096;40.7737700000026;14.757200000005;62
1447635096;40.7713900000014;14.7510200000024;63
1447635096;40.7714500000013;14.7506100000023;64
1447635096;40.7714600000012;14.7502100000021;65
1447635096;40.7714900000012;14.749940000002;66
1447635096;40.7715400000012;14.749750000002;67
1447635096;40.7716500000011;14.7494500000019;68
1447635096;40.7717300000011;14.7491300000017;69
1447635096;40.771800000001;14.7484100000015;70
1447635096;40.7718200000009;14.7477400000013;71
1447635096;40.7718100000008;14.7474200000012;72
1447635096;40.7718400000009;14.7473700000012;73
1447635096;40.7720300000008;14.7473500000012;74
1447635096;40.7721000000008;14.7473200000012;75
1447635096;40.7723000000008;14.7473600000012;76
1447635096;40.7726200000008;14.7475700000012;77
1447635096;40.7729500000009;14.7481600000013;78
1447635096;40.773160000001;14.7486000000014;79
1447635096;40.773300000001;14.7487600000014;80
1447635096;40.773510000001;14.7488700000014;81
1447635096;40.7750200000009;14.7488800000012;82
1447635096;40.7755200000009;14.7488300000011;83
1447635096;40.7757800000008;14.748730000001;84
1447635096;40.7760700000008;14.7485600000009;85
1447635096;40.7762600000007;14.7484100000009;86
1447635096;40.7764400000007;14.7483700000008;87
1447635096;40.7765700000007;14.7483200000008;88
1447635096;40.7766700000007;14.7483100000008;89
1447635096;40.7762900000006;14.7475200000006;90
1447635096;40.7758600000004;14.7463900000005;91
1447635096;40.7750600000002;14.7446100000002;92
1447635096;40.7747400000002;14.7438500000002;93
1447635096;40.7746100000001;14.7434800000001;94
1447635096;40.7746300000001;14.7432600000001;95
1447635096;40.77465;14.74265;96
1447635096;40.7746699999998;14.7411299999998;97
1447635096;40.7747099999997;14.7401299999998;98
1447635096;40.7747599999994;14.7369099999996;99
1447635096;40.7747799999994;14.7367099999996;100
1447635096;40.7747999999993;14.7357899999996;101
1447635096;40.7748299999992;14.7352499999996;102
1447635096;40.7748399999992;14.7342499999996;103
1447635096;40.7748999999991;14.7326999999997;104
1447635096;40.774979999999;14.7322899999997;105
1447635096;40.774969999999;14.7319499999997;106
1447635096;40.774869999999;14.7311199999997;107
1447635096;40.774879999999;14.7308499999997;108
1447635096;40.774899999999;14.7306499999997;109
1447635096;40.774959999999;14.7305399999997;110
1447635096;40.7751499999989;14.7298599999998;111
1447635096;40.7753999999989;14.7290899999998;112
1447635096;40.7754599999988;14.7288399999998;113
1447635096;40.7758099999987;14.7276799999999;114
1447635096;40.7758299999987;14.7272999999999;115
1447635096;40.7758099999987;14.7269399999999;116
1447635096;40.7758099999987;14.72641;117
1447635096;40.7757799999987;14.72562;118
1447635096;40.7757399999988;14.7223900000002;119
1447635096;40.7754699999989;14.7207200000003;120
1447635096;40.775379999999;14.7202600000003;121
1447635096;40.775239999999;14.7194000000004;122
1447635096;40.7751299999991;14.7190700000004;123
1447635096;40.7749099999991;14.7186000000004;124
1447635096;40.7744899999993;14.7178200000004;125
1447635096;40.7742899999993;14.7174100000004;126
1447635096;40.7740099999994;14.7167100000003;127
1447635096;40.7730899999998;14.7136300000002;128
1447635096;40.7728499999999;14.7129100000001;129
1447635096;40.7727199999999;14.7125900000001;130
1447635096;40.7726399999999;14.7123100000001;131
1447635096;40.7725;14.71197;132
1447635096;40.7723100000001;14.7114299999999;133
1447635096;40.7721500000001;14.7111799999999;134
1447635096;40.7719300000002;14.7106599999998;135
1447635096;40.7714000000003;14.7092399999996;136
1447635096;40.7711500000004;14.7087599999995;137
1447635096;40.7709100000004;14.7087199999995;138
1447635096;40.7706600000004;14.7087299999994;139
1447635096;40.7704100000005;14.7082699999993;140
1447635096;40.7697900000006;14.7074799999991;141
1447635096;40.7691200000007;14.7065199999989;142
1447635096;40.7687000000008;14.7057899999986;143
1447635096;40.7684200000008;14.7053599999985;144
1447635096;40.7681300000008;14.7049799999984;145
1447635096;40.7678600000009;14.7045599999982;146
1447635096;40.7678000000009;14.7041799999981;147
1447635096;40.767640000001;14.7034899999979;148
1447635096;40.7673200000011;14.7018099999973;149
1447635096;40.7672000000012;14.7013099999971;150
1447635096;40.7670900000012;14.7007699999968;151
1447635096;40.7668500000013;14.6998199999964;152
1447635096;40.7667200000013;14.6993699999962;153
1447635096;40.7663300000014;14.6987499999958;154
1447635096;40.7659700000014;14.6982899999956;155
1447635096;40.7653600000014;14.6976599999952;156
1447635096;40.7651900000014;14.6975099999951;157
1447635096;40.7641400000013;14.6967699999946;158
1447635096;40.7632900000012;14.695909999994;159
1447635096;40.7630100000011;14.6957399999939;160
1447635096;40.761720000001;14.6946599999931;161
1447635096;40.7613000000009;14.6943399999929;162
1447635096;40.7607200000008;14.6938299999925;163
1447635096;40.7596500000006;14.6930299999919;164
1447635096;40.7586300000003;14.6923099999913;165
1447635096;40.7570399999999;14.6909399999902;166
1447635096;40.7566299999998;14.69060999999;167
1447635096;40.7560799999996;14.6901899999896;168
1447635096;40.7556199999995;14.6899099999894;169
1447635096;40.7552699999994;14.6896499999892;170
1447635096;40.7547899999992;14.6893499999889;171
1447635096;40.7542499999991;14.6889099999885;172
1447635096;40.754069999999;14.6888499999885;173
1447635096;40.754069999999;14.6886099999883;174
1447635096;40.7536399999988;14.6884699999881;175
1447635096;40.7530599999986;14.6881699999879;176
1447635096;40.7528999999986;14.6881199999878;177
1447635096;40.7524099999984;14.6879099999877;178
1447635096;40.7522799999984;14.6878899999877;179
1447635096;40.7519299999982;14.6877099999875;180
1447635096;40.751299999998;14.6873499999872;181
1447635096;40.7507199999978;14.6868399999868;182
1447635096;40.7496899999974;14.6862299999862;183
1447635096;40.7493299999972;14.6861099999862;184
1447635096;40.7490099999971;14.6861599999862;185
1447635096;40.7487599999971;14.6863199999864;186
1447635096;40.748219999997;14.6868299999871;187
1447635096;40.7479599999969;14.6869699999872;188
1447635096;40.7475399999968;14.6869799999873;189
1447635096;40.7467999999966;14.6869499999874;190
1447635096;40.7465099999966;14.6870299999875;191
1447635096;40.7462499999965;14.6871799999877;192
1447635096;40.7458499999965;14.6877199999883;193
1447635096;40.7455999999965;14.6878999999885;194
1447635096;40.7451899999964;14.6879999999887;195
1447635096;40.7442499999962;14.688129999989;196
1447635096;40.7434699999961;14.6882799999893;197
1447635096;40.742699999996;14.6887399999899;198
1447635096;40.742009999996;14.6890999999903;199
1447635096;40.741369999996;14.6894599999908;200
1447635096;40.741229999996;14.6895199999909;201
1447635096;40.741099999996;14.689549999991;202
1447635096;40.7408999999959;14.689519999991;203
1447635096;40.7406799999959;14.689439999991;204
1447635096;40.7397999999956;14.6887299999906;205
1447635096;40.7392999999954;14.6884499999905;206
1447635096;40.7385499999951;14.6877999999901;207
1447635096;40.7373599999947;14.6870499999897;208
1447635096;40.7371699999947;14.6868999999897;209
1447635096;40.7368599999945;14.6866099999895;210
1447635096;40.7363599999942;14.685979999989;211
1447635096;40.736089999994;14.6854699999886;212
1447635096;40.735959999994;14.6853199999885;213
1447635096;40.7358099999939;14.6852299999884;214
1447635096;40.7348499999937;14.6849799999885;215
1447635096;40.7341599999935;14.6846699999885;216
1447635096;40.7342199999935;14.6844899999883;217
1447635096;40.7343699999934;14.6841799999879;218
1447635096;40.7347199999928;14.6828899999863;219
1447635096;40.735519999992;14.6806999999833;220
1447635096;40.7358299999917;14.6799499999822;221
1447635096;40.7364099999913;14.6786599999802;222
1447635096;40.7369499999909;14.6775399999783;223
1447635096;40.7377999999903;14.6755799999749;224
1447635096;40.7384499999899;14.6741999999724;225
1447635096;40.7393199999895;14.6722699999685;226
1447635096;40.7396299999892;14.6714199999668;227
1447635096;40.7399999999888;14.6699299999637;228
1447635096;40.7401499999884;14.6689399999615;229
1447635096;40.7402199999881;14.6681299999597;230
1447635096;40.7403099999874;14.6664599999559;231
1447635096;40.7404299999867;14.6647599999518;232
1447635096;40.7404599999864;14.6640799999501;233
1447635096;40.7404599999858;14.6629099999471;234
1447635096;40.7405199999853;14.6616999999438;235
1447635096;40.7405299999851;14.6612199999425;236
1447635096;40.7406099999845;14.6598899999387;237
1447635096;40.7406959683678;14.6579190235187;238