shape_id;shape_pt_lat;shape_pt_lon;shape_pt_sequence
1795318943;40.23084821531;15.264178661404;1
1795318943;40.2308100000073;15.2641500000067;2
1795318943;40.2305800000077;15.264080000007;3
1795318943;40.230420000008;15.2640800000073;4
1795318943;40.2303100000083;15.2641100000076;5
1795318943;40.2302100000085;15.2640700000077;6
1795318943;40.2300200000094;15.2643100000086;7
1795318943;40.2297000000109;15.2646500000098;8
1795318943;40.2300300000107;15.2649500000096;9
1795318943;40.2305100000103;15.2652600000093;10
1795318943;40.2323300000083;15.2662700000075;11
1795318943;40.2324900000081;15.2663900000074;12
1795318943;40.2325900000081;15.2665000000074;13
1795318943;40.2327500000082;15.2667200000075;14
1795318943;40.2328400000086;15.2670000000078;15
1795318943;40.2330500000099;15.2679000000088;16
1795318943;40.2336300000139;15.270780000012;17
1795318943;40.2337000000138;15.2707900000119;18
1795318943;40.2337600000139;15.270900000012;19
1795318943;40.2338800000145;15.2713600000124;20
1795318943;40.234100000015;15.2719200000127;21
1795318943;40.2341400000157;15.2723800000132;22
1795318943;40.2341300000159;15.2725000000134;23
1795318943;40.2340100000169;15.2729500000141;24
1795318943;40.2333000000208;15.2742600000168;25
1795318943;40.2332000000215;15.2745400000172;26
1795318943;40.2330200000229;15.2751300000181;27
1795318943;40.2327900000244;15.275690000019;28
1795318943;40.2325900000255;15.2760700000197;29
1795318943;40.2325400000263;15.2764800000201;30
1795318943;40.2325800000267;15.2768000000204;31
1795318943;40.2326700000272;15.2772100000206;32
1795318943;40.2326800000274;15.2773600000207;33
1795318943;40.2325800000286;15.2779600000213;34
1795318943;40.2324700000298;15.2785100000219;35
1795318943;40.2324800000299;15.2786100000219;36
1795318943;40.23253000003;15.278740000022;37
1795318943;40.2328500000299;15.2791500000218;38
1795318943;40.2329800000294;15.2790700000215;39
1795318943;40.2332400000286;15.2789700000211;40
1795318943;40.2336300000273;15.2787500000204;41
1795318943;40.2338400000268;15.27875000002;42
1795318943;40.234310000026;15.2789300000195;43
1795318943;40.2346800000255;15.2791100000191;44
1795318943;40.2352800000244;15.2793200000184;45
1795318943;40.2362600000233;15.2800000000176;46
1795318943;40.2363100000233;15.2800800000175;47
1795318943;40.2365200000239;15.2808100000178;48
1795318943;40.2367200000239;15.2811800000178;49
1795318943;40.2368100000239;15.2812800000177;50
1795318943;40.2370000000236;15.2813700000175;51
1795318943;40.2371500000235;15.2814900000174;52
1795318943;40.2373500000231;15.2815500000172;53
1795318943;40.2375600000228;15.281660000017;54
1795318943;40.2379200000224;15.2819100000167;55
1795318943;40.2384000000217;15.2820800000162;56
1795318943;40.2385300000214;15.282090000016;57
1795318943;40.2387600000209;15.2820300000157;58
1795318943;40.2390000000203;15.2819400000153;59
1795318943;40.2393800000197;15.2820500000149;60
1795318943;40.2394900000194;15.2820500000148;61
1795318943;40.2396400000191;15.2820100000146;62
1795318943;40.2402300000174;15.2816000000135;63
1795318943;40.2405800000163;15.2812700000129;64
1795318943;40.2409300000152;15.2809100000121;65
1795318943;40.2409700000148;15.2806900000119;66
1795318943;40.2409400000144;15.2803700000117;67
1795318943;40.2409800000141;15.2801800000115;68
1795318943;40.2411600000133;15.2798200000109;69
1795318943;40.2411500000131;15.2796100000107;70
1795318943;40.241110000013;15.2795200000107;71
1795318943;40.2410100000131;15.2794400000108;72
1795318943;40.2406900000135;15.279300000011;73
1795318943;40.2406000000135;15.2792200000111;74
1795318943;40.2405400000135;15.2791100000111;75
1795318943;40.2405100000132;15.2788900000109;76
1795318943;40.2405300000127;15.2785800000106;77
1795318943;40.2405800000125;15.2784500000104;78
1795318943;40.2406200000124;15.2784500000103;79
1795318943;40.2406500000124;15.2784800000103;80
1795318943;40.2406800000125;15.2785700000104;81
1795318943;40.2406700000128;15.2788400000106;82
1795318943;40.240700000013;15.2789600000107;83
1795318943;40.2407800000129;15.2790500000107;84
1795318943;40.2410600000126;15.2791500000104;85
1795318943;40.2414500000119;15.27918000001;86
1795318943;40.2419000000111;15.2791100000093;87
1795318943;40.2420500000108;15.2790700000091;88
1795318943;40.2420600000106;15.279000000009;89
1795318943;40.2420400000106;15.278930000009;90
1795318943;40.2420000000106;15.278890000009;91
1795318943;40.2416900000112;15.2789300000094;92
1795318943;40.2414800000115;15.2789100000097;93
1795318943;40.2412100000118;15.2788100000099;94
1795318943;40.2411300000118;15.2786700000099;95
1795318943;40.2411200000116;15.2785500000098;96
1795318943;40.2411700000113;15.2783400000095;97
1795318943;40.2414300000102;15.2778800000087;98
1795318943;40.2419900000087;15.2775100000076;99
1795318943;40.2420700000084;15.2773900000073;100
1795318943;40.242110000008;15.277170000007;101
1795318943;40.2421200000077;15.2769400000068;102
1795318943;40.2421900000073;15.2767400000065;103
1795318943;40.2423100000069;15.2766300000062;104
1795318943;40.2428000000059;15.2764100000053;105
1795318943;40.2428400000055;15.276240000005;106
1795318943;40.2429000000052;15.2760700000047;107
1795318943;40.2430700000048;15.2759300000043;108
1795318943;40.2435600000038;15.2758000000035;109
1795318943;40.2436800000036;15.2757400000033;110
1795318943;40.2437300000033;15.275600000003;111
1795318943;40.2437300000032;15.2755100000029;112
1795318943;40.243700000003;15.2753700000028;113
1795318943;40.2434700000025;15.2748100000024;114
1795318943;40.2433900000023;15.2745200000021;115
1795318943;40.2433500000016;15.2740400000015;116
1795318943;40.2433500000008;15.2735000000008;117
1795318943;40.2435099999995;15.2727699999995;118
1795318943;40.2435899999991;15.2725999999992;119
1795318943;40.2436499999989;15.272519999999;120
1795318943;40.2440299999979;15.2721699999979;121
1795318943;40.244379999997;15.271889999997;122
1795318943;40.2445899999965;15.2717699999965;123
1795318943;40.2446699999962;15.2716399999962;124
1795318943;40.2447999999953;15.2711299999952;125
1795318943;40.2448599999949;15.2709499999948;126
1795318943;40.2449599999947;15.2708499999945;127
1795318943;40.2453199999939;15.2706499999937;128
1795318943;40.2455099999932;15.2703299999929;129
1795318943;40.2456999999921;15.2697599999916;130
1795318943;40.2460699999902;15.2687699999893;131
1795318943;40.2461199999901;15.2687199999892;132
1795318943;40.2461999999899;15.268709999989;133
1795318943;40.2462999999899;15.2687299999889;134
1795318943;40.2468899999897;15.2690299999886;135
1795318943;40.2470599999895;15.2690499999884;136
1795318943;40.2471699999894;15.2690199999882;137
1795318943;40.2472599999892;15.268949999988;138
1795318943;40.2475099999883;15.2685399999868;139
1795318943;40.2478499999874;15.2681499999856;140
1795318943;40.2481399999865;15.2677899999845;141
1795318943;40.248299999986;15.2675599999838;142
1795318943;40.2483899999859;15.2675099999836;143
1795318943;40.2484699999858;15.2675399999836;144
1795318943;40.2486099999859;15.2676399999836;145
1795318943;40.248699999986;15.2677699999837;146
1795318943;40.2488799999859;15.2678299999836;147
1795318943;40.2493299999856;15.2679099999831;148
1795318943;40.2495199999856;15.267989999983;149
1795318943;40.2497799999849;15.2677199999821;150
1795318943;40.2500599999842;15.267359999981;151
1795318943;40.250479999983;15.2667599999792;152
1795318943;40.2503699999829;15.266619999979;153
1795318943;40.2503399999825;15.2663799999786;154
1795318943;40.250349999982;15.2660499999779;155
1795318943;40.2503399999816;15.2657599999772;156
1795318943;40.2502399999811;15.2653599999765;157
1795318943;40.250189999981;15.2652799999764;158
1795318943;40.2499199999809;15.2650599999763;159
1795318943;40.2498899999808;15.2649999999762;160
1795318943;40.2498699999807;15.264909999976;161
1795318943;40.2498899999806;15.2648499999758;162
1795318943;40.2499399999804;15.2647699999756;163
1795318943;40.2499799999804;15.2647399999755;164
1795318943;40.2500199999803;15.2647499999754;165
1795318943;40.2500499999804;15.2647799999755;166
1795318943;40.2510499999812;15.2658699999765;167
1795318943;40.2510999999813;15.2659499999766;168
1795318943;40.2513199999822;15.2666499999778;169
1795318943;40.2514099999827;15.2670599999786;170
1795318943;40.2514499999828;15.2671299999787;171
1795318943;40.2515099999828;15.2671699999787;172
1795318943;40.2515999999827;15.2671699999785;173
1795318943;40.2518299999823;15.2669799999778;174
1795318943;40.2520099999821;15.2669699999776;175
1795318943;40.2520799999822;15.2670299999776;176
1795318943;40.2521699999823;15.2671699999778;177
1795318943;40.2522299999825;15.267319999978;178
1795318943;40.2522499999827;15.2674799999783;179
1795318943;40.2522199999829;15.2676099999786;180
1795318943;40.2523199999829;15.2676999999787;181
1795318943;40.2523999999829;15.2676999999786;182
1795318943;40.2524699999828;15.2676699999784;183
1795318943;40.2524899999827;15.2676199999783;184
1795318943;40.2524799999826;15.2674999999781;185
1795318943;40.2523799999821;15.2671299999774;186
1795318943;40.252379999982;15.2670599999773;187
1795318943;40.2523999999819;15.2669999999771;188
1795318943;40.2524999999818;15.266979999977;189
1795318943;40.2526299999822;15.2672899999774;190
1795318943;40.2527399999823;15.2674599999777;191
1795318943;40.2529999999824;15.2676699999778;192
1795318943;40.2532499999825;15.2678399999778;193
1795318943;40.2532799999827;15.267969999978;194
1795318943;40.2532599999828;15.2680499999782;195
1795318943;40.2531199999832;15.2682599999788;196
1795318943;40.2528399999838;15.2686099999799;197
1795318943;40.252809999984;15.2686999999801;198
1795318943;40.2528099999841;15.2688099999803;199
1795318943;40.2528599999842;15.2688899999804;200
1795318943;40.2529599999842;15.2689299999804;201
1795318943;40.253099999984;15.2688899999801;202
1795318943;40.2533599999836;15.2686799999794;203
1795318943;40.2539499999825;15.2681499999776;204
1795318943;40.2540899999821;15.267949999977;205
1795318943;40.2541399999819;15.2677799999766;206
1795318943;40.2541399999816;15.267539999976;207
1795318943;40.2540699999814;15.2673599999758;208
1795318943;40.2540099999813;15.2672799999757;209
1795318943;40.2538299999813;15.2671799999757;210
1795318943;40.2537699999812;15.2671199999756;211
1795318943;40.2537599999811;15.2670499999755;212
1795318943;40.253769999981;15.2669899999753;213
1795318943;40.253819999981;15.2669399999752;214
1795318943;40.2539199999809;15.266929999975;215
1795318943;40.2540899999809;15.2669799999749;216
1795318943;40.2544999999809;15.2671899999749;217
1795318943;40.254659999981;15.267329999975;218
1795318943;40.2549899999813;15.2676899999753;219
1795318943;40.2551599999815;15.2679099999756;220
1795318943;40.2552099999816;15.2680199999757;221
1795318943;40.2552399999818;15.268179999976;222
1795318943;40.2552799999824;15.268679999977;223
1795318943;40.2552799999829;15.2690499999778;224
1795318943;40.2552399999831;15.2692099999781;225
1795318943;40.2550899999837;15.2695999999791;226
1795318943;40.2549899999842;15.2699299999799;227
1795318943;40.254859999985;15.2705299999812;228
1795318943;40.2546799999858;15.2710999999824;229
1795318943;40.254649999986;15.2712299999827;230
1795318943;40.2546499999861;15.2712999999828;231
1795318943;40.2546899999861;15.2713499999829;232
1795318943;40.2547299999861;15.2713399999828;233
1795318943;40.254759999986;15.2712999999827;234
1795318943;40.2549599999854;15.2709399999818;235
1795318943;40.2550999999851;15.2707599999813;236
1795318943;40.2553599999847;15.2705499999806;237
1795318943;40.2556199999845;15.2704699999802;238
1795318943;40.2558799999843;15.2704499999798;239
1795318943;40.2563799999839;15.2703699999791;240
1795318943;40.2569499999835;15.2702399999782;241
1795318943;40.2571699999834;15.2702299999779;242
1795318943;40.2575399999833;15.2702599999776;243
1795318943;40.2578999999832;15.2703399999773;244
1795318943;40.2595599999828;15.270589999976;245
1795318943;40.259779999983;15.2707999999762;246
1795318943;40.2599999999833;15.2711599999767;247
1795318943;40.2600899999834;15.2712499999768;248
1795318943;40.2602199999834;15.2712999999767;249
1795318943;40.2611599999832;15.271419999976;250
1795318943;40.2614499999831;15.2713799999757;251
1795318943;40.2616299999831;15.2713999999755;252
1795318943;40.261809999983;15.2713899999753;253
1795318943;40.262279999983;15.271439999975;254
1795318943;40.2624799999828;15.2713599999746;255
1795318943;40.2627399999826;15.271169999974;256
1795318943;40.2629899999822;15.2708599999731;257
1795318943;40.2630899999821;15.2707599999728;258
1795318943;40.2634999999819;15.2706299999722;259
1795318943;40.2640899999815;15.2702799999709;260
1795318943;40.2643199999813;15.2701799999705;261
1795318943;40.2645199999813;15.2701399999702;262
1795318943;40.2646299999813;15.2701499999701;263
1795318943;40.2648599999814;15.2702999999702;264
1795318943;40.2650299999815;15.2704399999703;265
1795318943;40.2651599999816;15.2704999999704;266
1795318943;40.2653399999816;15.2704699999701;267
1795318943;40.2659199999814;15.2702999999693;268
1795318943;40.2662199999812;15.2701399999686;269
1795318943;40.2664499999811;15.2699899999681;270
1795318943;40.2665799999809;15.2698399999677;271
1795318943;40.2667699999806;15.2695099999668;272
1795318943;40.2669599999804;15.269239999966;273
1795318943;40.2671299999802;15.2690499999655;274
1795318943;40.2673499999801;15.268919999965;275
1795318943;40.26774999998;15.2687699999643;276
1795318943;40.26792999998;15.2687699999641;277
1795318943;40.2680699999801;15.2688299999642;278
1795318943;40.2681599999801;15.2688399999641;279
1795318943;40.2684999999801;15.2687499999636;280
1795318943;40.2686899999801;15.2687599999635;281
1795318943;40.26882999998;15.2686799999632;282
1795318943;40.2691499999798;15.268299999962;283
1795318943;40.2692999999797;15.2682399999618;284
1795318943;40.2694399999798;15.2682699999617;285
1795318943;40.2695999999799;15.2683899999619;286
1795318943;40.2699199999801;15.2685899999621;287
1795318943;40.2701199999803;15.2686599999621;288
1795318943;40.2702299999803;15.268659999962;289
1795318943;40.2703699999803;15.2686199999618;290
1795318943;40.2705699999803;15.2685999999616;291
1795318943;40.2706399999803;15.2686099999615;292
1795318943;40.2707199999804;15.2686499999615;293
1795318943;40.2708699999805;15.2688199999618;294
1795318943;40.2710199999808;15.2690399999622;295
1795318943;40.271099999981;15.2692899999627;296
1795318943;40.2710599999811;15.269409999963;297
1795318943;40.2711099999812;15.2695299999632;298
1795318943;40.2711999999813;15.2695999999633;299
1795318943;40.2715099999814;15.2696699999632;300
1795318943;40.2718399999815;15.269689999963;301
1795318943;40.2723099999818;15.2699699999633;302
1795318943;40.272459999982;15.2700999999635;303
1795318943;40.2725899999822;15.2703499999639;304
1795318943;40.2727599999829;15.2711599999655;305
1795318943;40.2728599999831;15.271399999966;306
1795318943;40.2730699999833;15.2716199999663;307
1795318943;40.2733199999834;15.2717199999663;308
1795318943;40.2740899999836;15.2716499999657;309
1795318943;40.2745399999836;15.271479999965;310
1795318943;40.2746499999836;15.2714899999649;311
1795318943;40.2747599999837;15.271549999965;312
1795318943;40.2748999999839;15.2717499999653;313
1795318943;40.2749799999839;15.2718199999654;314
1795318943;40.275129999984;15.2718399999654;315
1795318943;40.2755799999841;15.2717399999649;316
1795318943;40.2756399999841;15.2717699999649;317
1795318943;40.2756799999842;15.271829999965;318
1795318943;40.2756699999842;15.2719099999652;319
1795318943;40.2756099999843;15.2719899999654;320
1795318943;40.2754799999843;15.2720399999656;321
1795318943;40.2752199999842;15.2720699999658;322
1795318943;40.2750099999842;15.2721399999661;323
1795318943;40.2748499999841;15.2720999999661;324
1795318943;40.274659999984;15.272009999966;325
1795318943;40.2745599999839;15.2719999999661;326
1795318943;40.274499999984;15.2720699999663;327
1795318943;40.2744199999841;15.2722899999668;328
1795318943;40.2742299999842;15.2725099999673;329
1795318943;40.2739999999843;15.2726899999678;330
1795318943;40.2737999999843;15.2727799999682;331
1795318943;40.2735699999843;15.2727899999683;332
1795318943;40.2733399999842;15.2727499999684;333
1795318943;40.2727499999841;15.2728799999691;334
1795318943;40.2726299999841;15.2728899999692;335
1795318943;40.2724499999841;15.2728199999692;336
1795318943;40.272179999984;15.2728299999694;337
1795318943;40.272079999984;15.2727799999694;338
1795318943;40.2719899999839;15.2726799999692;339
1795318943;40.2719199999838;15.2726299999692;340
1795318943;40.2718399999838;15.2726699999693;341
1795318943;40.2718299999839;15.2727699999695;342
1795318943;40.271899999984;15.2728699999697;343
1795318943;40.2720399999841;15.2729499999697;344
1795318943;40.2722399999842;15.2730299999697;345
1795318943;40.2724999999842;15.2730399999696;346
1795318943;40.2726399999843;15.2731199999696;347
1795318943;40.2729599999845;15.2733499999699;348
1795318943;40.2734199999847;15.2734299999697;349
1795318943;40.2737499999849;15.2735999999698;350
1795318943;40.274069999985;15.2736399999697;351
1795318943;40.2745299999851;15.2736499999694;352
1795318943;40.274709999985;15.273489999969;353
1795318943;40.2748299999849;15.2732599999685;354
1795318943;40.2749799999849;15.2732099999683;355
1795318943;40.275159999985;15.2732499999682;356
1795318943;40.275229999985;15.2733099999683;357
1795318943;40.2754499999854;15.2737099999689;358
1795318943;40.2756899999856;15.2739799999693;359
1795318943;40.2759199999857;15.2740699999694;360
1795318943;40.2764299999859;15.2741199999692;361
1795318943;40.276609999986;15.2741899999692;362
1795318943;40.2767199999861;15.2743099999694;363
1795318943;40.2768399999863;15.2745599999698;364
1795318943;40.2769499999864;15.27470999997;365
1795318943;40.2771599999866;15.2748799999702;366
1795318943;40.2772899999867;15.2750499999704;367
1795318943;40.2774099999869;15.2752599999707;368
1795318943;40.2775899999873;15.2759299999719;369
1795318943;40.2777699999881;15.2772799999742;370
1795318943;40.2778499999882;15.2773499999742;371
1795318943;40.2779499999882;15.2773599999742;372
1795318943;40.2780199999882;15.2773099999741;373
1795318943;40.278159999988;15.2768599999732;374
1795318943;40.2784199999879;15.2764599999724;375
1795318943;40.2785999999878;15.276319999972;376
1795318943;40.2789099999879;15.2762299999717;377
1795318943;40.2790299999879;15.2762099999716;378
1795318943;40.279099999988;15.2762699999717;379
1795318943;40.279099999988;15.2763599999719;380
1795318943;40.279039999988;15.276429999972;381
1795318943;40.278869999988;15.2764399999721;382
1795318943;40.278759999988;15.2764799999722;383
1795318943;40.278619999988;15.2766299999726;384
1795318943;40.2785999999882;15.2770099999733;385
1795318943;40.2785599999883;15.2772399999737;386
1795318943;40.2785899999884;15.277409999974;387
1795318943;40.2788199999886;15.2777099999744;388
1795318943;40.2788799999888;15.2780099999748;389
1795318943;40.279079999989;15.2783099999752;390
1795318943;40.2795999999894;15.2788299999758;391
1795318943;40.2797199999896;15.2789999999761;392
1795318943;40.2801599999902;15.2799999999775;393
1795318943;40.2802799999904;15.2803499999779;394
1795318943;40.2802699999904;15.2805099999782;395
1795318943;40.2802099999905;15.2806299999784;396
1795318943;40.2800099999905;15.2807299999786;397
1795318943;40.2796999999904;15.2807599999788;398
1795318943;40.2793399999903;15.2806899999789;399
1795318943;40.2790599999903;15.280699999979;400
1795318943;40.2789399999903;15.2808099999793;401
1795318943;40.2788499999903;15.2809499999795;402
1795318943;40.2788199999904;15.2811399999798;403
1795318943;40.2788099999906;15.2814899999803;404
1795318943;40.2788799999908;15.2818999999809;405
1795318943;40.279219999991;15.282119999981;406
1795318943;40.2796999999912;15.282269999981;407
1795318943;40.2814299999914;15.28208999998;408
1795318943;40.2814999999914;15.2819599999798;409
1795318943;40.2817799999913;15.2816299999792;410
1795318943;40.2819699999913;15.2813399999787;411
1795318943;40.2820299999912;15.2812299999785;412
1795318943;40.2820899999912;15.2810099999782;413
1795318943;40.2821399999911;15.2809499999781;414
1795318943;40.2822199999912;15.280919999978;415
1795318943;40.2828999999914;15.2809199999777;416
1795318943;40.2830399999914;15.2808499999776;417
1795318943;40.2831199999913;15.2807299999773;418
1795318943;40.2831499999913;15.2805999999771;419
1795318943;40.2831499999913;15.280509999977;420
1795318943;40.2831099999912;15.2803599999768;421
1795318943;40.2831099999912;15.2802799999766;422
1795318943;40.2831499999912;15.2802199999765;423
1795318943;40.2831999999912;15.2801999999765;424
1795318943;40.2832899999912;15.2802299999765;425
1795318943;40.2834699999913;15.2804499999768;426
1795318943;40.2835699999914;15.2805099999768;427
1795318943;40.2840299999915;15.2804099999765;428
1795318943;40.2843599999917;15.2804199999764;429
1795318943;40.2844699999917;15.2803899999763;430
1795318943;40.2845899999917;15.2802899999761;431
1795318943;40.2847799999917;15.2800699999757;432
1795318943;40.2849299999917;15.2800199999756;433
1795318943;40.2850199999917;15.2799599999754;434
1795318943;40.2851599999917;15.2797999999751;435
1795318943;40.2853499999917;15.2794299999745;436
1795318943;40.2854499999916;15.2793299999743;437
1795318943;40.2855299999917;15.2793199999742;438
1795318943;40.2856099999917;15.2793499999742;439
1795318943;40.2856999999918;15.2795399999745;440
1795318943;40.2861699999923;15.2803199999756;441
1795318943;40.2863299999924;15.2805099999759;442
1795318943;40.2864299999925;15.2805699999759;443
1795318943;40.2866599999926;15.2805899999759;444
1795318943;40.2867999999926;15.2805499999758;445
1795318943;40.2868799999926;15.2804599999756;446
1795318943;40.2869399999926;15.2803299999754;447
1795318943;40.2870099999926;15.2802699999753;448
1795318943;40.2871499999926;15.2802599999752;449
1795318943;40.2873199999928;15.2803499999753;450
1795318943;40.2874299999928;15.2803599999753;451
1795318943;40.2876899999929;15.2801799999749;452
1795318943;40.287989999993;15.2800199999746;453
1795318943;40.2885599999931;15.2798499999742;454
1795318943;40.2888099999932;15.2797499999739;455
1795318943;40.2892099999933;15.2794599999733;456
1795318943;40.2897699999935;15.2791299999726;457
1795318943;40.2901099999936;15.2790399999724;458
1795318943;40.2905499999938;15.2789699999722;459
1795318943;40.2906299999939;15.2789999999722;460
1795318943;40.2906799999939;15.2790699999723;461
1795318943;40.290749999994;15.2792799999727;462
1795318943;40.2908099999941;15.2795899999732;463
1795318943;40.2908899999942;15.2797899999735;464
1795318943;40.2909699999943;15.2798999999736;465
1795318943;40.2910999999944;15.2799499999737;466
1795318943;40.2911999999944;15.2799599999737;467
1795318943;40.2913099999944;15.2799099999736;468
1795318943;40.2914399999945;15.2797199999732;469
1795318943;40.2916999999945;15.2792399999724;470
1795318943;40.2919099999945;15.2787599999715;471
1795318943;40.2919999999945;15.2784399999709;472
1795318943;40.2920599999944;15.2780399999702;473
1795318943;40.2921099999944;15.27792999997;474
1795318943;40.2921699999944;15.2778499999699;475
1795318943;40.2925299999946;15.2776099999694;476
1795318943;40.2926199999946;15.2775999999693;477
1795318943;40.2927099999947;15.2776299999694;478
1795318943;40.2930599999949;15.27799999997;479
1795318943;40.293129999995;15.2781299999702;480
1795318943;40.2931899999951;15.2783999999706;481
1795318943;40.2932999999952;15.278619999971;482
1795318943;40.2934199999953;15.2787499999712;483
1795318943;40.2934699999953;15.2788499999714;484
1795318943;40.2934899999954;15.2790499999717;485
1795318943;40.2934799999954;15.2792699999721;486
1795318943;40.2935199999955;15.2794099999723;487
1795318943;40.2935799999955;15.2795199999725;488
1795318943;40.2936899999956;15.2796299999726;489
1795318943;40.2937899999957;15.2797899999729;490
1795318943;40.2938699999958;15.2800699999733;491
1795318943;40.2939599999959;15.2803099999737;492
1795318943;40.2940499999959;15.2804499999739;493
1795318943;40.2943299999961;15.2807499999744;494
1795318943;40.2943799999962;15.2808899999746;495
1795318943;40.2943999999962;15.2810599999749;496
1795318943;40.2943999999962;15.2812299999751;497
1795318943;40.2944399999962;15.2812999999752;498
1795318943;40.2945299999963;15.2813999999754;499
1795318943;40.2949399999965;15.2815299999755;500
1795318943;40.2951299999966;15.2815499999755;501
1795318943;40.2953299999967;15.2815099999754;502
1795318943;40.2955999999969;15.2813999999752;503
1795318943;40.2957199999969;15.2813999999752;504
1795318943;40.2957899999969;15.2814299999752;505
1795318943;40.295869999997;15.2815399999754;506
1795318943;40.2959999999971;15.2818599999759;507
1795318943;40.2961299999972;15.2820499999762;508
1795318943;40.2962699999973;15.2821899999764;509
1795318943;40.2967899999976;15.2824999999768;510
1795318943;40.2968599999976;15.2825699999769;511
1795318943;40.2968899999976;15.282659999977;512
1795318943;40.2968899999976;15.2827999999772;513
1795318943;40.2967599999976;15.2831899999778;514
1795318943;40.2966299999976;15.2834299999781;515
1795318943;40.2964499999975;15.2835999999784;516
1795318943;40.2963199999975;15.2837699999786;517
1795318943;40.2962499999975;15.2838999999788;518
1795318943;40.2962299999975;15.2842399999793;519
1795318943;40.2961699999975;15.2843499999795;520
1795318943;40.2960599999975;15.2844799999797;521
1795318943;40.2958899999974;15.2846199999799;522
1795318943;40.2958099999974;15.2847599999801;523
1795318943;40.2956799999974;15.2855199999811;524
1795318943;40.2956599999974;15.2857699999814;525
1795318943;40.2956599999974;15.2859199999816;526
1795318943;40.2957499999975;15.2860699999818;527
1795318943;40.2959899999976;15.2860699999818;528
1795318943;40.2960999999976;15.2860999999818;529
1795318943;40.2962399999977;15.2861899999819;530
1795318943;40.2963499999978;15.2863599999821;531
1795318943;40.2964799999978;15.2866299999824;532
1795318943;40.2965099999979;15.2868399999827;533
1795318943;40.2964699999979;15.2869899999829;534
1795318943;40.2964399999979;15.2871999999831;535
1795318943;40.2964399999979;15.2874299999834;536
1795318943;40.296619999998;15.2878599999839;537
1795318943;40.2966999999981;15.2880999999841;538
1795318943;40.2966799999981;15.2883499999844;539
1795318943;40.2965699999981;15.2887399999849;540
1795318943;40.2964199999981;15.2890199999852;541
1795318943;40.296259999998;15.2891099999853;542
1795318943;40.2959799999979;15.2891399999854;543
1795318943;40.2958899999979;15.2891799999854;544
1795318943;40.2956699999979;15.2894799999858;545
1795318943;40.2956099999979;15.289649999986;546
1795318943;40.2956199999979;15.2898199999861;547
1795318943;40.2956799999979;15.2899499999863;548
1795318943;40.2957599999979;15.2900399999864;549
1795318943;40.2961799999981;15.2903099999866;550
1795318943;40.2963899999982;15.2906099999869;551
1795318943;40.2965199999983;15.2908399999871;552
1795318943;40.2966799999984;15.2912599999875;553
1795318943;40.2967499999984;15.2913299999876;554
1795318943;40.2968299999984;15.2913299999876;555
1795318943;40.2969199999984;15.2912799999875;556
1795318943;40.2971499999985;15.2910999999873;557
1795318943;40.2975899999986;15.2906799999869;558
1795318943;40.2983499999988;15.2901399999863;559
1795318943;40.2984499999989;15.2900899999862;560
1795318943;40.2985899999989;15.2900799999862;561
1795318943;40.2989999999991;15.2901399999862;562
1795318943;40.2991199999991;15.2901399999862;563
1795318943;40.2994799999992;15.2898799999859;564
1795318943;40.2999999999994;15.2896699999857;565
1795318943;40.3007099999996;15.2895199999855;566
1795318943;40.3009099999997;15.2892299999852;567
1795318943;40.3010399999997;15.2889699999849;568
1795318943;40.3011799999998;15.2888299999848;569
1795318943;40.30163;15.2885799999845;570
1795318943;40.3018800000001;15.2884999999844;571
1795318943;40.3024500000003;15.2883999999843;572
1795318943;40.3025800000003;15.2884199999843;573
1795318943;40.3027000000004;15.2885099999844;574
1795318943;40.3030100000005;15.2889599999849;575
1795318943;40.3036500000007;15.2900599999861;576
1795318943;40.3039200000008;15.2903999999865;577
1795318943;40.3040400000008;15.2905099999866;578
1795318943;40.3043300000009;15.2907199999868;579
1795318943;40.3044000000009;15.2908299999869;580
1795318943;40.3044600000009;15.2911399999873;581
1795318943;40.3045200000009;15.2913299999874;582
1795318943;40.3046000000009;15.2914699999876;583
1795318943;40.304700000001;15.2915699999877;584
1795318943;40.304820000001;15.2916399999878;585
1795318943;40.3051400000011;15.2916599999878;586
1795318943;40.3053100000011;15.2917399999879;587
1795318943;40.3054300000012;15.291849999988;588
1795318943;40.3056400000012;15.2920899999882;589
1795318943;40.3060200000013;15.2924799999886;590
1795318943;40.3063200000014;15.2929199999891;591
1795318943;40.3063400000014;15.2930499999892;592
1795318943;40.3063200000013;15.2932899999894;593
1795318943;40.3062400000013;15.2934399999895;594
1795318943;40.3060100000012;15.2937899999898;595
1795318943;40.3059400000012;15.29399999999;596
1795318943;40.3058700000011;15.2945399999904;597
1795318943;40.3058200000011;15.2951199999909;598
1795318943;40.305750000001;15.2953899999911;599
1795318943;40.305690000001;15.2954599999912;600
1795318943;40.305420000001;15.2956299999913;601
1795318943;40.3042900000007;15.2961499999916;602
1795318943;40.3041900000006;15.2962499999917;603
1795318943;40.3041100000006;15.2965499999919;604
1795318943;40.3040800000006;15.2968099999921;605
1795318943;40.3041000000006;15.2969399999922;606
1795318943;40.3043000000006;15.2973099999925;607
1795318943;40.3043400000006;15.2974899999926;608
1795318943;40.3043500000006;15.2979499999929;609
1795318943;40.3043700000006;15.298039999993;610
1795318943;40.3048500000007;15.2983999999932;611
1795318943;40.3052800000008;15.2986499999934;612
1795318943;40.3054700000008;15.2986499999934;613
1795318943;40.3057900000009;15.2982999999932;614
1795318943;40.3060400000009;15.2981799999931;615
1795318943;40.306280000001;15.2981099999931;616
1795318943;40.3065900000011;15.2981099999931;617
1795318943;40.3068300000011;15.2981699999932;618
1795318943;40.3076200000012;15.2985499999935;619
1795318943;40.3086700000014;15.299159999994;620
1795318943;40.3092100000014;15.2994099999942;621
1795318943;40.3094200000015;15.2994599999942;622
1795318943;40.3098900000016;15.2992999999942;623
1795318943;40.3101300000016;15.2991799999941;624
1795318943;40.3102100000016;15.2991199999941;625
1795318943;40.311230000002;15.2979999999935;626
1795318943;40.311390000002;15.2977999999934;627
1795318943;40.311450000002;15.2976499999933;628
1795318943;40.3115300000022;15.2970599999929;629
1795318943;40.3115600000022;15.2966999999927;630
1795318943;40.3116300000023;15.2964199999925;631
1795318943;40.3117900000023;15.2962299999923;632
1795318943;40.3121500000024;15.2959499999922;633
1795318943;40.3122400000025;15.2957999999921;634
1795318943;40.3125700000026;15.2951499999917;635
1795318943;40.3128900000027;15.2948499999915;636
1795318943;40.3133600000029;15.2945799999913;637
1795318943;40.313720000003;15.2943099999912;638
1795318943;40.313790000003;15.2941599999911;639
1795318943;40.3139400000032;15.2936499999907;640
1795318943;40.3139000000032;15.2934499999905;641
1795318943;40.3138500000032;15.2933299999904;642
1795318943;40.3137200000032;15.2932099999903;643
1795318943;40.3133600000032;15.29293999999;644
1795318943;40.3132900000032;15.2928399999899;645
1795318943;40.3132700000032;15.2927399999898;646
1795318943;40.3132800000032;15.2925899999896;647
1795318943;40.3133600000033;15.2923299999894;648
1795318943;40.3135300000034;15.2920099999892;649
1795318943;40.3138900000036;15.2914299999887;650
1795318943;40.3144100000039;15.2904799999879;651
1795318943;40.314500000004;15.2903399999877;652
1795318943;40.314560000004;15.2902899999877;653
1795318943;40.3147200000041;15.2902399999877;654
1795318943;40.3154900000043;15.2900899999877;655
1795318943;40.3156600000043;15.2900899999878;656
1795318943;40.3158500000044;15.2901599999879;657
1795318943;40.3177800000045;15.2911399999893;658
1795318943;40.3184300000045;15.2914299999897;659
1795318943;40.3186200000045;15.2914899999898;660
1795318943;40.3193600000046;15.2916199999902;661
1795318943;40.3194600000046;15.2915899999902;662
1795318943;40.3195400000046;15.2915199999901;663
1795318943;40.3196800000047;15.29127999999;664
1795318943;40.3197900000048;15.2911499999899;665
1795318943;40.3198700000048;15.2911299999899;666
1795318943;40.3200200000048;15.29118999999;667
1795318943;40.3200900000048;15.2912799999901;668
1795318943;40.3201700000047;15.2914799999903;669
1795318943;40.3202000000046;15.2917099999905;670
1795318943;40.3202000000046;15.2919299999907;671
1795318943;40.3201600000045;15.292249999991;672
1795318943;40.3200000000042;15.2930099999916;673
1795318943;40.3200000000042;15.2931099999916;674
1795318943;40.3201400000041;15.2933099999918;675
1795318943;40.3202200000041;15.2933699999919;676
1795318943;40.3203100000041;15.293389999992;677
1795318943;40.3204300000041;15.293349999992;678
1795318943;40.3205100000042;15.2932699999919;679
1795318943;40.3210200000049;15.2911499999902;680
1795318943;40.3210800000049;15.2910499999902;681
1795318943;40.321210000005;15.2909699999901;682
1795318943;40.3215900000051;15.2908299999901;683
1795318943;40.3220400000052;15.2907299999902;684
1795318943;40.3221700000052;15.2907399999902;685
1795318943;40.3223700000051;15.2908199999904;686
1795318943;40.3226500000051;15.2909799999906;687
1795318943;40.3231700000047;15.2921399999918;688
1795318943;40.3238300000043;15.2931099999928;689
1795318943;40.3241500000041;15.2936199999933;690
1795318943;40.3242700000041;15.2937199999935;691
1795318943;40.3251000000039;15.2941799999941;692
1795318943;40.3252400000038;15.2943699999943;693
1795318943;40.3253200000038;15.2944399999944;694
1795318943;40.3253700000038;15.2944799999944;695
1795318943;40.3254600000038;15.2944799999944;696
1795318943;40.3255500000038;15.2944299999944;697
1795318943;40.326070000004;15.2937599999941;698
1795318943;40.3262000000041;15.293579999994;699
1795318943;40.3262500000041;15.293439999994;700
1795318943;40.3262800000042;15.2932199999938;701
1795318943;40.3263600000048;15.2917699999927;702
1795318943;40.3264200000056;15.2899299999911;703
1795318943;40.3264800000056;15.2897599999909;704
1795318943;40.3266600000057;15.2896399999909;705
1795318943;40.3268000000057;15.2895599999909;706
1795318943;40.3269100000057;15.2895599999909;707
1795318943;40.3269600000057;15.289599999991;708
1795318943;40.3270800000056;15.2897399999912;709
1795318943;40.3275600000052;15.2905099999921;710
1795318943;40.327690000005;15.2909899999926;711
1795318943;40.3277000000048;15.2913699999929;712
1795318943;40.3277500000047;15.2915899999931;713
1795318943;40.3278400000047;15.2916899999932;714
1795318943;40.3281700000045;15.2919299999935;715
1795318943;40.3285000000043;15.2924399999941;716
1795318943;40.3286400000042;15.2925799999943;717
1795318943;40.329010000004;15.2928199999946;718
1795318943;40.329170000004;15.2928899999947;719
1795318943;40.3293200000039;15.2930199999949;720
1795318943;40.3295100000037;15.2932899999952;721
1795318943;40.3296100000035;15.2937899999956;722
1795318943;40.329750000003;15.2947499999963;723
1795318943;40.3298400000028;15.2951799999966;724
1795318943;40.330560000002;15.2966999999978;725
1795318943;40.3306600000018;15.2969399999979;726
1795318943;40.3307600000017;15.297069999998;727
1795318943;40.3311700000016;15.2971799999983;728
1795318943;40.3315100000014;15.2972399999984;729
1795318943;40.3317600000013;15.2973099999986;730
1795318943;40.3318100000013;15.2973499999986;731
1795318943;40.3319400000011;15.2975699999988;732
1795318943;40.3322000000008;15.2980799999991;733
1795318943;40.3325300000005;15.2986599999995;734
1795318943;40.3327500000002;15.2990899999998;735
1795318943;40.3330999999998;15.2997100000002;736
1795318943;40.3332099999997;15.2998100000003;737
1795318943;40.3333299999996;15.2998100000003;738
1795318943;40.3337499999993;15.3002700000007;739
1795318943;40.3339099999991;15.3003700000008;740
1795318943;40.3340099999991;15.3004000000008;741
1795318943;40.334109999999;15.3003800000009;742
1795318943;40.334389999999;15.3002400000009;743
1795318943;40.3344099999989;15.300310000001;744
1795318943;40.3343999999989;15.300390000001;745
1795318943;40.3342299999989;15.300710000001;746
1795318943;40.3341799999988;15.3008900000011;747
1795318943;40.3341799999987;15.3010200000011;748
1795318943;40.3342599999985;15.3014000000013;749
1795318943;40.3342199999985;15.3014800000013;750
1795318943;40.3338699999985;15.3020500000013;751
1795318943;40.3337299999985;15.3022500000013;752
1795318943;40.3335899999985;15.3024100000013;753
1795318943;40.3329699999985;15.3029400000012;754
1795318943;40.3328399999985;15.3030900000012;755
1795318943;40.3327699999985;15.3032800000013;756
1795318943;40.3327099999984;15.3036100000013;757
1795318943;40.3327599999984;15.3037300000014;758
1795318943;40.3329799999981;15.3041100000015;759
1795318943;40.333029999998;15.3043300000016;760
1795318943;40.3330499999979;15.3045200000017;761
1795318943;40.3330299999978;15.3050400000017;762
1795318943;40.3330499999977;15.3051300000018;763
1795318943;40.3331299999977;15.3052400000018;764
1795318943;40.3332999999975;15.3053200000019;765
1795318943;40.3334399999974;15.3054200000019;766
1795318943;40.3335099999973;15.305560000002;767
1795318943;40.3336399999971;15.3059500000021;768
1795318943;40.3336999999971;15.3060100000021;769
1795318943;40.3340599999969;15.3060500000023;770
1795318943;40.3342099999968;15.3060200000023;771
1795318943;40.3344799999967;15.3058500000024;772
1795318943;40.3346599999966;15.3058300000024;773
1795318943;40.3349699999965;15.3058600000025;774
1795318943;40.3352799999962;15.3059600000026;775
1795318943;40.3353699999962;15.3060500000027;776
1795318943;40.335479999996;15.3062100000027;777
1795318943;40.335509999996;15.3063100000028;778
1795318943;40.3355199999959;15.3064300000028;779
1795318943;40.3355099999959;15.3065100000028;780
1795318943;40.3354799999959;15.3065600000028;781
1795318943;40.3347599999962;15.3070600000026;782
1795318943;40.3346599999962;15.3072000000026;783
1795318943;40.3346299999961;15.3073300000026;784
1795318943;40.3346299999961;15.3075600000026;785
1795318943;40.334649999996;15.3077400000027;786
1795318943;40.3347999999957;15.3084100000028;787
1795318943;40.3348499999956;15.3087200000028;788
1795318943;40.3346999999953;15.3100600000028;789
1795318943;40.3347299999952;15.3103100000028;790
1795318943;40.3346699999951;15.3107800000028;791
1795318943;40.334469999995;15.3113100000028;792
1795318943;40.334459999995;15.3114900000028;793
1795318943;40.3345999999947;15.3125000000028;794
1795318943;40.3346099999946;15.3128100000028;795
1795318943;40.3347399999943;15.3133800000028;796
1795318943;40.3348199999943;15.3135200000028;797
1795318943;40.335149999994;15.3138800000028;798
1795318943;40.3352899999938;15.3139800000029;799
1795318943;40.3356099999936;15.3140900000029;800
1795318943;40.3358899999934;15.314210000003;801
1795318943;40.3361899999931;15.314420000003;802
1795318943;40.3362099999931;15.314520000003;803
1795318943;40.3361899999931;15.314580000003;804
1795318943;40.3361499999931;15.314600000003;805
1795318943;40.3360799999932;15.314600000003;806
1795318943;40.3356999999935;15.3144800000029;807
1795318943;40.3355699999935;15.3144800000029;808
1795318943;40.3354499999936;15.3145300000029;809
1795318943;40.3350599999938;15.3148200000028;810
1795318943;40.3349399999939;15.3148500000027;811
1795318943;40.334809999994;15.3148500000027;812
1795318943;40.3346899999941;15.3147800000027;813
1795318943;40.3345799999941;15.3146500000027;814
1795318943;40.3344599999943;15.3144500000026;815
1795318943;40.3343999999943;15.3144200000026;816
1795318943;40.3343299999944;15.3144300000026;817
1795318943;40.3343099999944;15.3144600000026;818
1795318943;40.3342999999944;15.3145300000026;819
1795318943;40.3343199999943;15.3146200000026;820
1795318943;40.3344199999942;15.3148300000026;821
1795318943;40.3344799999941;15.3151600000026;822
1795318943;40.334489999994;15.3154600000026;823
1795318943;40.334469999994;15.3157100000026;824
1795318943;40.334439999994;15.3158100000025;825
1795318943;40.3341899999941;15.3162200000024;826
1795318943;40.3341499999941;15.3163400000024;827
1795318943;40.3341399999941;15.3164800000024;828
1795318943;40.334179999994;15.3166700000024;829
1795318943;40.3342899999939;15.3169300000024;830
1795318943;40.3344799999937;15.3171100000024;831
1795318943;40.3347399999935;15.3172300000024;832
1795318943;40.3349999999934;15.3172400000025;833
1795318943;40.3351699999932;15.3172900000025;834
1795318943;40.3352699999932;15.3173800000025;835
1795318943;40.3353099999931;15.3175500000025;836
1795318943;40.335319999993;15.3178400000024;837
1795318943;40.335359999993;15.3179100000024;838
1795318943;40.335399999993;15.3179300000024;839
1795318943;40.3354999999929;15.3179100000025;840
1795318943;40.3356699999928;15.3177500000025;841
1795318943;40.3357999999927;15.3176900000025;842
1795318943;40.3360499999925;15.3177100000026;843
1795318943;40.3362299999924;15.3177600000026;844
1795318943;40.3363599999923;15.3178500000026;845
1795318943;40.3364999999922;15.3180300000026;846
1795318943;40.336609999992;15.3183000000026;847
1795318943;40.3366999999918;15.3192000000025;848
1795318943;40.3367999999917;15.3195600000024;849
1795318943;40.3369099999915;15.3197700000024;850
1795318943;40.3369799999914;15.3201800000023;851
1795318943;40.3369999999914;15.3204700000022;852
1795318943;40.3369799999913;15.3208700000022;853
1795318943;40.3369299999913;15.3211400000021;854
1795318943;40.3369399999913;15.3213200000021;855
1795318943;40.3370299999912;15.321760000002;856
1795318943;40.3370399999911;15.3221200000019;857
1795318943;40.337019999991;15.3231600000017;858
1795318943;40.3369999999911;15.3232400000016;859
1795318943;40.3369499999911;15.3233100000016;860
1795318943;40.3368299999912;15.3233000000016;861
1795318943;40.3362999999916;15.3231400000016;862
1795318943;40.3361499999917;15.3231200000016;863
1795318943;40.3360399999918;15.3231400000016;864
1795318943;40.3358899999919;15.3232100000015;865
1795318943;40.3358299999919;15.3232400000015;866
1795318943;40.3357699999919;15.3233000000015;867
1795318943;40.335719999992;15.3235700000014;868
1795318943;40.3357199999919;15.3245300000012;869
1795318943;40.3356999999919;15.3248000000012;870
1795318943;40.3357199999918;15.3251200000011;871
1795318943;40.3357099999918;15.3252300000011;872
1795318943;40.3356099999919;15.325350000001;873
1795318943;40.3355599999919;15.325460000001;874
1795318943;40.3355699999919;15.325540000001;875
1795318943;40.3356099999919;15.325650000001;876
1795318943;40.3358699999917;15.3260900000009;877
1795318943;40.3359599999916;15.3263100000008;878
1795318943;40.3360699999915;15.3266500000007;879
1795318943;40.3361199999915;15.3268700000007;880
1795318943;40.3363299999913;15.3273600000006;881
1795318943;40.3363799999912;15.3275100000005;882
1795318943;40.3363899999912;15.3279600000004;883
1795318943;40.3362899999913;15.3291500000001;884
1795318943;40.3362999999912;15.32974;885
1795318943;40.3362799999913;15.32984;886
1795318943;40.3362399999913;15.3299099999999;887
1795318943;40.3360299999915;15.3301699999999;888
1795318943;40.3360099999915;15.3302399999999;889
1795318943;40.3360099999915;15.3303199999998;890
1795318943;40.3360499999914;15.3303899999998;891
1795318943;40.3361899999913;15.3305399999998;892
1795318943;40.3362599999913;15.3305799999998;893
1795318943;40.336639999991;15.3305799999998;894
1795318943;40.336699999991;15.3306099999998;895
1795318943;40.3367499999909;15.3306599999997;896
1795318943;40.3368199999909;15.3307699999997;897
1795318943;40.3369099999908;15.3309799999997;898
1795318943;40.3370099999907;15.3313599999996;899
1795318943;40.3370899999907;15.3315499999995;900
1795318943;40.3371899999906;15.3316899999995;901
1795318943;40.3372699999905;15.3317599999994;902
1795318943;40.3376099999903;15.3318699999994;903
1795318943;40.3376599999902;15.3319499999994;904
1795318943;40.3376999999902;15.3320899999993;905
1795318943;40.3377299999902;15.3322899999993;906
1795318943;40.3378699999901;15.3325199999992;907
1795318943;40.3378699999901;15.3325999999992;908
1795318943;40.3378499999901;15.3326499999992;909
1795318943;40.3377899999901;15.3326699999992;910
1795318943;40.3377299999902;15.3325999999992;911
1795318943;40.3375199999903;15.3321999999993;912
1795318943;40.3374099999904;15.3320899999994;913
1795318943;40.3368299999909;15.3319199999994;914
1795318943;40.336699999991;15.3318299999994;915
1795318943;40.3365399999911;15.3315999999995;916
1795318943;40.3364399999912;15.3315299999995;917
1795318943;40.3361599999914;15.3313899999996;918
1795318943;40.3361099999914;15.3313999999996;919
1795318943;40.3360799999914;15.3315099999995;920
1795318943;40.3361299999914;15.3315799999995;921
1795318943;40.3363099999913;15.3316599999995;922
1795318943;40.3364099999912;15.3317499999995;923
1795318943;40.336629999991;15.3320799999994;924
1795318943;40.3370499999907;15.3323499999993;925
1795318943;40.3371899999906;15.3325099999993;926
1795318943;40.3374299999904;15.3329699999991;927
1795318943;40.3375199999904;15.3330999999991;928
1795318943;40.3375999999903;15.3331799999991;929
1795318943;40.3378399999901;15.333269999999;930
1795318943;40.3378999999901;15.333319999999;931
1795318943;40.3378999999901;15.333399999999;932
1795318943;40.3378599999901;15.333459999999;933
1795318943;40.3377799999902;15.333459999999;934
1795318943;40.3375999999903;15.333359999999;935
1795318943;40.3369899999908;15.3328499999992;936
1795318943;40.336669999991;15.3327999999992;937
1795318943;40.3364399999912;15.3327899999992;938
1795318943;40.3362299999914;15.3327499999992;939
1795318943;40.3360299999915;15.3325499999993;940
1795318943;40.3358599999916;15.3323399999993;941
1795318943;40.3357499999917;15.3321699999994;942
1795318943;40.3356999999917;15.3321399999994;943
1795318943;40.3356299999918;15.3321599999994;944
1795318943;40.3356199999918;15.3322099999994;945
1795318943;40.3356399999918;15.3322899999994;946
1795318943;40.3357999999917;15.3324799999993;947
1795318943;40.3359399999916;15.3326899999993;948
1795318943;40.3360899999915;15.3329799999992;949
1795318943;40.3361599999914;15.3330699999992;950
1795318943;40.3365899999911;15.3332899999991;951
1795318943;40.336809999991;15.3333499999991;952
1795318943;40.3372099999907;15.333569999999;953
1795318943;40.3373199999906;15.3336899999989;954
1795318943;40.3375599999904;15.3341399999988;955
1795318943;40.3377099999903;15.3342999999988;956
1795318943;40.3379599999901;15.3344499999987;957
1795318943;40.33811999999;15.3345099999987;958
1795318943;40.3383599999898;15.3345399999986;959
1795318943;40.3386399999895;15.3345199999986;960
1795318943;40.3388899999893;15.3344699999986;961
1795318943;40.3390799999892;15.3344699999986;962
1795318943;40.3393099999889;15.3344199999986;963
1795318943;40.3394799999888;15.3343599999986;964
1795318943;40.3395699999887;15.3343799999986;965
1795318943;40.3396099999887;15.3344299999986;966
1795318943;40.3396099999887;15.3345499999985;967
1795318943;40.3395499999888;15.3347899999985;968
1795318943;40.3394399999889;15.3351199999984;969
1795318943;40.339319999989;15.3353799999983;970
1795318943;40.3388399999895;15.3361499999982;971
1795318943;40.3386399999897;15.3364399999981;972
1795318943;40.3385599999898;15.336859999998;973
1795318943;40.3385699999899;15.337149999998;974
1795318943;40.3386099999899;15.3374099999979;975
1795318943;40.3387099999898;15.3376299999978;976
1795318943;40.3386399999899;15.3377699999978;977
1795318943;40.3383499999903;15.3391199999975;978
1795318943;40.3382799999904;15.3393899999975;979
1795318943;40.3381899999905;15.3394999999975;980
1795318943;40.3380099999907;15.3396599999975;981
1795318943;40.3378499999908;15.3397699999974;982
1795318943;40.3374999999911;15.3398399999975;983
1795318943;40.3373414138509;15.339945078353;984
1795318943;40.3374999999911;15.3398399999975;985
1795318943;40.3378499999908;15.3397699999974;986
1795318943;40.3380099999907;15.3396599999975;987
1795318943;40.3381899999905;15.3394999999975;988
1795318943;40.3382799999904;15.3393899999975;989
1795318943;40.3383499999903;15.3391199999975;990
1795318943;40.33857999999;15.3380499999977;991
1795318943;40.3386899999899;15.3381499999977;992
1795318943;40.3387399999899;15.3382599999977;993
1795318943;40.3387399999899;15.3383899999976;994
1795318943;40.3391799999896;15.3387299999975;995
1795318943;40.3392899999895;15.3387299999975;996
1795318943;40.3394099999894;15.3388799999974;997
1795318943;40.3403699999887;15.3397799999971;998
1795318943;40.3406999999884;15.3399599999969;999
1795318943;40.341119999988;15.3400599999968;1000
1795318943;40.3419599999873;15.3403699999966;1001
1795318943;40.3423299999869;15.3404499999965;1002
1795318943;40.3426899999865;15.3405599999964;1003
1795318943;40.3428199999864;15.3405699999964;1004
1795318943;40.3429099999863;15.3405999999964;1005
1795318943;40.3430499999862;15.3406799999963;1006
1795318943;40.3437999999855;15.341239999996;1007
1795318943;40.3442799999851;15.3418999999957;1008
1795318943;40.344409999985;15.3421299999956;1009
1795318943;40.3445699999849;15.3423099999956;1010
1795318943;40.3447799999847;15.3424299999955;1011
1795318943;40.3453199999841;15.3426299999953;1012
1795318943;40.3458099999836;15.3427499999951;1013
1795318943;40.3461499999832;15.3427599999951;1014
1795318943;40.3469999999821;15.3427099999949;1015
1795318943;40.3471499999819;15.3427199999948;1016
1795318943;40.3476199999813;15.3428399999947;1017
1795318943;40.3483299999804;15.3429299999945;1018
1795318943;40.3495799999787;15.3429599999941;1019
1795318943;40.3502599999778;15.3431599999938;1020
1795318943;40.3502799999777;15.3430899999939;1021
1795318943;40.3507499999769;15.3426999999939;1022
1795318943;40.3509399999766;15.3424399999939;1023
1795318943;40.3511399999762;15.342079999994;1024
1795318943;40.351259999976;15.342019999994;1025
1795318943;40.3514199999757;15.341979999994;1026
1795318943;40.3514899999756;15.341929999994;1027
1795318943;40.3515399999755;15.341859999994;1028
1795318943;40.351719999975;15.3410899999943;1029
1795318943;40.3518699999747;15.3408199999944;1030
1795318943;40.3520399999744;15.3406799999944;1031
1795318943;40.3523199999739;15.3404899999944;1032
1795318943;40.3525399999735;15.3403799999944;1033
1795318943;40.3535199999719;15.3401399999943;1034
1795318943;40.3537299999715;15.3401499999943;1035
1795318943;40.3538199999714;15.3401999999942;1036
1795318943;40.3538399999714;15.3402499999942;1037
1795318943;40.3538399999714;15.3403099999942;1038
1795318943;40.3538099999714;15.3403499999942;1039
1795318943;40.353529999972;15.3404799999942;1040
1795318943;40.3534099999722;15.3405799999942;1041
1795318943;40.3531999999726;15.3408199999941;1042
1795318943;40.352979999973;15.341099999994;1043
1795318943;40.3527199999736;15.3415899999938;1044
1795318943;40.3526699999737;15.3417399999938;1045
1795318943;40.3526599999737;15.3418599999937;1046
1795318943;40.3526899999738;15.3420899999936;1047
1795318943;40.3526899999738;15.3422199999936;1048
1795318943;40.3526599999739;15.3424199999935;1049
1795318943;40.3525299999742;15.3427799999934;1050
1795318943;40.3525199999743;15.3428799999933;1051
1795318943;40.3525399999743;15.3429799999933;1052
1795318943;40.3525799999742;15.3430299999933;1053
1795318943;40.3528799999738;15.3431499999931;1054
1795318943;40.3531199999734;15.343169999993;1055
1795318943;40.3532399999732;15.343219999993;1056
1795318943;40.3537899999724;15.3436099999926;1057
1795318943;40.3539499999722;15.3436399999926;1058
1795318943;40.354069999972;15.3436399999925;1059
1795318943;40.3544499999713;15.3437599999924;1060
1795318943;40.3545699999712;15.3438199999923;1061
1795318943;40.354679999971;15.3439699999922;1062
1795318943;40.3546599999711;15.3441599999921;1063
1795318943;40.3545699999713;15.3443399999921;1064
1795318943;40.3543899999717;15.344629999992;1065
1795318943;40.3541599999723;15.3450999999919;1066
1795318943;40.3539799999727;15.3453399999918;1067
1795318943;40.353839999973;15.3454099999919;1068
1795318943;40.3537399999732;15.3455199999919;1069
1795318943;40.3536899999733;15.3456199999918;1070
1795318943;40.3537099999734;15.3459199999917;1071
1795318943;40.3537599999734;15.3462199999916;1072
1795318943;40.3538399999734;15.3465699999914;1073
1795318943;40.3538999999733;15.3466299999914;1074
1795318943;40.3539999999732;15.3466899999913;1075
1795318943;40.354109999973;15.3467999999912;1076
1795318943;40.3542299999729;15.3468599999911;1077
1795318943;40.3543099999728;15.3469399999911;1078
1795318943;40.3546999999725;15.3478499999906;1079
1795318943;40.3549099999722;15.3480299999904;1080
1795318943;40.3551599999718;15.3481099999903;1081
1795318943;40.3552999999715;15.3480899999903;1082
1795318943;40.3553599999714;15.3480199999903;1083
1795318943;40.3553999999713;15.3479099999903;1084
1795318943;40.355419999971;15.3474099999905;1085
1795318943;40.3553899999707;15.3465599999908;1086
1795318943;40.3553699999701;15.3448499999916;1087
1795318943;40.35539999997;15.3447299999916;1088
1795318943;40.3554599999699;15.3446399999916;1089
1795318943;40.3555599999697;15.3445699999916;1090
1795318943;40.3563499999681;15.3441799999916;1091
1795318943;40.3565399999677;15.3439899999916;1092
1795318943;40.3567999999671;15.3435799999917;1093
1795318943;40.3569299999668;15.3434299999917;1094
1795318943;40.3570499999665;15.3434399999917;1095
1795318943;40.3572499999662;15.3435499999916;1096
1795318943;40.3575499999656;15.3436499999914;1097
1795318943;40.3578499999651;15.3436599999913;1098
1795318943;40.3581299999645;15.3435499999913;1099
1795318943;40.3584099999638;15.3432799999914;1100
1795318943;40.3586099999633;15.3428299999915;1101
1795318943;40.3591799999618;15.341709999992;1102
1795318943;40.3593899999611;15.3410499999924;1103
1795318943;40.3595099999608;15.3408499999924;1104
1795318943;40.3596999999604;15.3406799999925;1105
1795318943;40.3599199999598;15.3404499999926;1106
1795318943;40.3601099999594;15.3401899999927;1107
1795318943;40.3602099999591;15.3399899999928;1108
1795318943;40.3603699999586;15.3394499999931;1109
1795318943;40.3605299999581;15.3388099999935;1110
1795318943;40.3609099999571;15.337989999994;1111
1795318943;40.3611499999565;15.3377799999941;1112
1795318943;40.361349999956;15.3376599999941;1113
1795318943;40.3615299999556;15.3376099999941;1114
1795318943;40.3618499999549;15.3375699999941;1115
1795318943;40.3624799999533;15.3371399999943;1116
1795318943;40.3625999999531;15.3369999999944;1117
1795318943;40.3627699999526;15.3366799999946;1118
1795318943;40.3628799999523;15.3365399999947;1119
1795318943;40.362979999952;15.3364599999947;1120
1795318943;40.3630499999519;15.3364799999947;1121
1795318943;40.363409999951;15.3364399999947;1122
1795318943;40.3635299999507;15.3364099999947;1123
1795318943;40.3640099999495;15.3359999999949;1124
1795318943;40.3640499999494;15.3359899999949;1125
1795318943;40.3641199999492;15.3359899999949;1126
1795318943;40.3642799999488;15.3360499999948;1127
1795318943;40.3646499999479;15.3360799999947;1128
1795318943;40.3648299999475;15.3360599999947;1129
1795318943;40.3650999999468;15.3359799999947;1130
1795318943;40.3655599999456;15.3357899999948;1131
1795318943;40.3656699999453;15.3357799999948;1132
1795318943;40.3658099999449;15.3358099999947;1133
1795318943;40.3660899999442;15.3359499999946;1134
1795318943;40.3663199999436;15.3360999999944;1135
1795318943;40.366579999943;15.3363099999942;1136
1795318943;40.3669099999422;15.3367999999937;1137
1795318943;40.3670299999419;15.3369199999936;1138
1795318943;40.3671199999417;15.3369599999935;1139
1795318943;40.3672499999413;15.3369399999935;1140
1795318943;40.3673099999411;15.3368899999935;1141
1795318943;40.3673042746983;15.3368713929157;1142
1795318943;40.3673099999411;15.3368899999935;1143
1795318943;40.3672499999413;15.3369399999935;1144
1795318943;40.3671199999417;15.3369599999935;1145
1795318943;40.3670299999419;15.3369199999936;1146
1795318943;40.3669099999422;15.3367999999937;1147
1795318943;40.366579999943;15.3363099999942;1148
1795318943;40.3663199999436;15.3360999999944;1149
1795318943;40.3660899999442;15.3359499999946;1150
1795318943;40.3658099999449;15.3358099999947;1151
1795318943;40.3656699999453;15.3357799999948;1152
1795318943;40.3655599999456;15.3357899999948;1153
1795318943;40.3650999999468;15.3359799999947;1154
1795318943;40.3648299999475;15.3360599999947;1155
1795318943;40.3646499999479;15.3360799999947;1156
1795318943;40.3642799999488;15.3360499999948;1157
1795318943;40.3641199999492;15.3359899999949;1158
1795318943;40.3640499999494;15.3359899999949;1159
1795318943;40.3640099999495;15.3359999999949;1160
1795318943;40.3635299999507;15.3364099999947;1161
1795318943;40.363409999951;15.3364399999947;1162
1795318943;40.3630499999519;15.3364799999947;1163
1795318943;40.362979999952;15.3364599999947;1164
1795318943;40.3628799999523;15.3365399999947;1165
1795318943;40.3627699999526;15.3366799999946;1166
1795318943;40.3625999999531;15.3369999999944;1167
1795318943;40.3624799999533;15.3371399999943;1168
1795318943;40.3618499999549;15.3375699999941;1169
1795318943;40.3615299999556;15.3376099999941;1170
1795318943;40.361349999956;15.3376599999941;1171
1795318943;40.3611499999565;15.3377799999941;1172
1795318943;40.3609099999571;15.337989999994;1173
1795318943;40.3605299999581;15.3388099999935;1174
1795318943;40.3603699999586;15.3394499999931;1175
1795318943;40.3602099999591;15.3399899999928;1176
1795318943;40.3601099999594;15.3401899999927;1177
1795318943;40.3599199999598;15.3404499999926;1178
1795318943;40.3596999999604;15.3406799999925;1179
1795318943;40.3595099999608;15.3408499999924;1180
1795318943;40.3593899999611;15.3410499999924;1181
1795318943;40.3591799999618;15.341709999992;1182
1795318943;40.3586099999633;15.3428299999915;1183
1795318943;40.3584099999638;15.3432799999914;1184
1795318943;40.3584299999638;15.3433899999913;1185
1795318943;40.358379999964;15.3436299999912;1186
1795318943;40.3583099999642;15.3437899999911;1187
1795318943;40.3582899999643;15.3438899999911;1188
1795318943;40.3581099999648;15.3442699999909;1189
1795318943;40.3575799999663;15.3455199999905;1190
1795318943;40.3572799999671;15.3461699999903;1191
1795318943;40.3572099999674;15.3464299999902;1192
1795318943;40.3571599999677;15.34695999999;1193
1795318943;40.3571599999678;15.3472199999898;1194
1795318943;40.3572399999678;15.3475799999897;1195
1795318943;40.3573299999679;15.3482199999893;1196
1795318943;40.357519999968;15.3490699999889;1197
1795318943;40.3575499999681;15.3493599999888;1198
1795318943;40.3575499999681;15.3495499999887;1199
1795318943;40.3574999999687;15.3503999999884;1200
1795318943;40.3573799999692;15.3508699999883;1201
1795318943;40.3572799999695;15.3511499999882;1202
1795318943;40.3571399999699;15.3513699999882;1203
1795318943;40.3565899999713;15.3521399999883;1204
1795318943;40.3564899999716;15.3523699999883;1205
1795318943;40.3564399999719;15.3527099999882;1206
1795318943;40.356489999972;15.3530799999881;1207
1795318943;40.356589999972;15.3534399999879;1208
1795318943;40.356859999972;15.3541699999876;1209
1795318943;40.356919999972;15.3543999999875;1210
1795318943;40.3569499999721;15.3546699999874;1211
1795318943;40.3569899999725;15.3554199999872;1212
1795318943;40.3570499999728;15.3560299999871;1213
1795318943;40.3569499999734;15.356709999987;1214
1795318943;40.3569999999736;15.357009999987;1215
1795318943;40.3577799999736;15.3590199999862;1216
1795318943;40.3577999999737;15.3592199999862;1217
1795318943;40.3577699999739;15.3594599999862;1218
1795318943;40.3576699999743;15.3597099999862;1219
1795318943;40.3575099999748;15.3600399999864;1220
1795318943;40.3573899999754;15.3604899999864;1221
1795318943;40.3573199999761;15.3612799999865;1222
1795318943;40.3573499999765;15.3618799999865;1223
1795318943;40.3573499999768;15.3622499999865;1224
1795318943;40.3572699999774;15.3627999999866;1225
1795318943;40.3571499999781;15.3633399999867;1226
1795318943;40.3568699999793;15.3642399999871;1227
1795318943;40.3567199999799;15.3646099999873;1228
1795318943;40.3564999999805;15.3648799999875;1229
1795318943;40.3556699999825;15.3657099999884;1230
1795318943;40.3552399999835;15.3660899999888;1231
1795318943;40.3549199999842;15.3663299999892;1232
1795318943;40.3545399999851;15.3666699999896;1233
1795318943;40.3543599999854;15.3668099999898;1234
1795318943;40.3542799999856;15.3668199999898;1235
1795318943;40.3542199999857;15.3669399999899;1236
1795318943;40.354099999986;15.3670399999901;1237
1795318943;40.3539399999863;15.3671199999902;1238
1795318943;40.3537099999868;15.3672999999905;1239
1795318943;40.3535499999872;15.3675599999907;1240
1795318943;40.3531099999886;15.3684599999915;1241
1795318943;40.3529699999892;15.3688299999917;1242
1795318943;40.3528399999896;15.369119999992;1243
1795318943;40.3525599999904;15.3695499999925;1244
1795318943;40.3524099999908;15.3698599999927;1245
1795318943;40.3522699999914;15.3702899999931;1246
1795318943;40.3520899999916;15.3703299999933;1247
1795318943;40.351729999992;15.3702599999936;1248
1795318943;40.3515399999923;15.3703099999937;1249
1795318943;40.3514099999925;15.3703999999939;1250
1795318943;40.3512899999929;15.3705899999941;1251
1795318943;40.3511699999932;15.3708599999944;1252
1795318943;40.350959999994;15.3714099999949;1253
1795318943;40.3507199999947;15.3718699999954;1254
1795318943;40.350589999995;15.3720099999957;1255
1795318943;40.3504499999952;15.3720499999958;1256
1795318943;40.3502999999953;15.3719899999959;1257
1795318943;40.3499699999953;15.371669999996;1258
1795318943;40.3493899999953;15.3709499999959;1259
1795318943;40.3492599999954;15.370829999996;1260
1795318943;40.3491399999954;15.3707999999961;1261
1795318943;40.3490199999956;15.3708299999962;1262
1795318943;40.3489299999957;15.3709199999963;1263
1795318943;40.3483099999968;15.3713999999972;1264
1795318943;40.3481899999971;15.3715499999974;1265
1795318943;40.3480999999973;15.3716999999975;1266
1795318943;40.3480499999974;15.3718499999977;1267
1795318943;40.3479499999975;15.3717799999977;1268
1795318943;40.3476599999977;15.3716499999979;1269
1795318943;40.3475099999978;15.371609999998;1270
1795318943;40.3473899999979;15.3716099999981;1271
1795318943;40.347279999998;15.3716299999982;1272
1795318943;40.3471899999981;15.3717099999983;1273
1795318943;40.3470799999984;15.3718899999985;1274
1795318943;40.3469899999986;15.3719999999987;1275
1795318943;40.3468899999987;15.3720599999988;1276
1795318943;40.3467399999989;15.3720799999989;1277
1795318943;40.3466199999989;15.372059999999;1278
1795318943;40.346519999999;15.371969999999;1279
1795318943;40.3463199999988;15.3716099999989;1280
1795318943;40.3462499999989;15.3715699999989;1281
1795318943;40.3459199999992;15.3715899999992;1282
1795318943;40.3457599999993;15.3716299999994;1283
1795318943;40.3456799999995;15.3717099999995;1284
1795318943;40.3452500000007;15.3727300000006;1285
1795318943;40.3450900000014;15.3734600000014;1286
1795318943;40.3450100000017;15.3737200000017;1287
1795318943;40.3448200000022;15.3741400000022;1288
1795318943;40.3447500000023;15.3742500000024;1289
1795318943;40.3445900000025;15.3743400000026;1290
1795318943;40.3445300000026;15.3743500000027;1291
1795318943;40.3444900000026;15.3743400000027;1292
1795318943;40.3444400000026;15.3742700000027;1293
1795318943;40.3442900000022;15.3737500000023;1294
1795318943;40.3442300000022;15.3736300000022;1295
1795318943;40.3440000000022;15.3734800000023;1296
1795318943;40.3439000000022;15.3733900000023;1297
1795318943;40.3438200000021;15.3732400000022;1298
1795318943;40.3437700000019;15.3729100000019;1299
1795318943;40.3437600000015;15.3723900000015;1300
1795318943;40.3437400000013;15.3721400000013;1301
1795318943;40.3437600000012;15.3719800000012;1302
1795318943;40.343820000001;15.371870000001;1303
1795318943;40.3440600000007;15.3716500000007;1304
1795318943;40.3441000000005;15.3715100000005;1305
1795318943;40.3441000000002;15.3711200000002;1306
1795318943;40.344146087652;15.3707831270922;1307
1795318943;40.3441000000002;15.3711200000002;1308
1795318943;40.3441000000005;15.3715100000005;1309
1795318943;40.3440600000007;15.3716500000007;1310
1795318943;40.343820000001;15.371870000001;1311
1795318943;40.3437600000012;15.3719800000012;1312
1795318943;40.3437400000013;15.3721400000013;1313
1795318943;40.3437600000015;15.3723900000015;1314
1795318943;40.3437700000019;15.3729100000019;1315
1795318943;40.3438200000021;15.3732400000022;1316
1795318943;40.3439000000022;15.3733900000023;1317
1795318943;40.3440000000022;15.3734800000023;1318
1795318943;40.3442300000022;15.3736300000022;1319
1795318943;40.3442900000022;15.3737500000023;1320
1795318943;40.3444100000025;15.3741900000026;1321
1795318943;40.3444400000026;15.3742700000027;1322
1795318943;40.3444900000026;15.3743400000027;1323
1795318943;40.3445900000025;15.3743400000026;1324
1795318943;40.3447500000023;15.3742500000024;1325
1795318943;40.3448200000022;15.3741400000022;1326
1795318943;40.3450100000017;15.3737200000017;1327
1795318943;40.3450900000014;15.3734600000014;1328
1795318943;40.3452500000007;15.3727300000006;1329
1795318943;40.3456799999995;15.3717099999995;1330
1795318943;40.3457599999993;15.3716299999994;1331
1795318943;40.3459199999992;15.3715899999992;1332
1795318943;40.3462499999989;15.3715699999989;1333
1795318943;40.3463199999988;15.3716099999989;1334
1795318943;40.346519999999;15.371969999999;1335
1795318943;40.3466199999989;15.372059999999;1336
1795318943;40.3467399999989;15.3720799999989;1337
1795318943;40.3468899999987;15.3720599999988;1338
1795318943;40.3469899999986;15.3719999999987;1339
1795318943;40.3470799999984;15.3718899999985;1340
1795318943;40.3471899999981;15.3717099999983;1341
1795318943;40.347279999998;15.3716299999982;1342
1795318943;40.3473899999979;15.3716099999981;1343
1795318943;40.3475099999978;15.371609999998;1344
1795318943;40.3476599999977;15.3716499999979;1345
1795318943;40.3479499999975;15.3717799999977;1346
1795318943;40.3480499999974;15.3718499999977;1347
1795318943;40.3479099999981;15.3723899999982;1348
1795318943;40.3478499999984;15.3726999999985;1349
1795318943;40.3478599999986;15.3729699999987;1350
1795318943;40.3478999999989;15.373329999999;1351
1795318943;40.3479099999992;15.3736699999993;1352
1795318943;40.3478899999995;15.3739699999995;1353
1795318943;40.3478599999997;15.3741799999997;1354
1795318943;40.34779;15.3744;1355
1795318943;40.3476400000002;15.3745400000002;1356
1795318943;40.3471800000009;15.3748100000009;1357
1795318943;40.3470700000011;15.3749500000011;1358
1795318943;40.3470200000014;15.3751500000014;1359
1795318943;40.3470200000015;15.3753600000016;1360
1795318943;40.3470500000017;15.3755300000017;1361
1795318943;40.3470400000019;15.3757300000019;1362
1795318943;40.3469700000021;15.3758900000021;1363
1795318943;40.3467500000024;15.3760500000025;1364
1795318943;40.3465600000026;15.3761100000027;1365
1795318943;40.3464400000028;15.3761700000029;1366
1795318943;40.3463600000029;15.376260000003;1367
1795318943;40.3462600000032;15.3764300000033;1368
1795318943;40.3458800000042;15.3772000000045;1369
1795318943;40.3456700000046;15.377510000005;1370
1795318943;40.3456900000044;15.3773200000048;1371
1795318943;40.3457800000041;15.3770500000044;1372
1795318943;40.3458647261644;15.3768805479289;1373
1795318943;40.3457800000041;15.3770500000044;1374
1795318943;40.3456900000044;15.3773200000048;1375
1795318943;40.3456700000046;15.377510000005;1376
1795318943;40.3455300000049;15.3777100000053;1377
1795318943;40.3453300000052;15.3779200000058;1378
1795318943;40.3453100000053;15.3779700000058;1379
1795318943;40.3453100000054;15.3780400000059;1380
1795318943;40.3453400000054;15.378130000006;1381
1795318943;40.3453900000055;15.3782200000061;1382
1795318943;40.3457200000055;15.3785300000061;1383
1795318943;40.3459000000055;15.378590000006;1384
1795318943;40.3462900000054;15.378820000006;1385
1795318943;40.3468100000052;15.3789900000057;1386
1795318943;40.3470500000052;15.3791500000056;1387
1795318943;40.3472000000053;15.3793400000057;1388
1795318943;40.3473100000054;15.3795700000059;1389
1795318943;40.3474900000059;15.3801400000064;1390
1795318943;40.3477300000061;15.3805200000067;1391
1795318943;40.3478300000061;15.3805900000067;1392
1795318943;40.347960000006;15.3805900000066;1393
1795318943;40.3481500000058;15.3805500000063;1394
1795318943;40.3482600000057;15.3805600000062;1395
1795318943;40.3485700000056;15.3807200000061;1396
1795318943;40.3487200000055;15.380710000006;1397
1795318943;40.3491400000048;15.3804000000051;1398
1795318943;40.3492300000046;15.3802700000049;1399
1795318943;40.3492600000044;15.3801400000047;1400
1795318943;40.3493500000041;15.3799200000043;1401
1795318943;40.3494300000039;15.3797900000041;1402
1795318943;40.3501900000027;15.3793400000028;1403
1795318943;40.3504200000025;15.3793100000025;1404
1795318943;40.3506600000023;15.3793700000023;1405
1795318943;40.3509300000023;15.3796000000023;1406
1795318943;40.3511500000022;15.3797100000022;1407
1795318943;40.3516000000018;15.3797300000018;1408
1795318943;40.3517900000017;15.3798500000017;1409
1795318943;40.3520100000017;15.3800300000017;1410
1795318943;40.3522600000017;15.3802400000017;1411
1795318943;40.3524400000017;15.3804300000017;1412
1795318943;40.3526200000017;15.3805800000017;1413
1795318943;40.3528400000015;15.3806500000015;1414
1795318943;40.3531700000012;15.3807100000012;1415
1795318943;40.3533700000009;15.3806000000009;1416
1795318943;40.3538699999996;15.3799599999996;1417
1795318943;40.3540199999993;15.3798399999993;1418
1795318943;40.3541499999991;15.3798099999991;1419
1795318943;40.3543099999989;15.379849999999;1420
1795318943;40.3544999999988;15.3799499999989;1421
1795318943;40.3547299999989;15.3802299999989;1422
1795318943;40.354919999999;15.380489999999;1423
1795318943;40.3550299999991;15.3806899999991;1424
1795318943;40.3558000000009;15.3828500000008;1425
1795318943;40.355810000001;15.382960000001;1426
1795318943;40.3558000000012;15.3830900000012;1427
1795318943;40.3557000000015;15.3832900000015;1428
1795318943;40.3556300000019;15.3834900000019;1429
1795318943;40.3553200000044;15.3851500000046;1430
1795318943;40.3553200000049;15.3855200000051;1431
1795318943;40.3553400000055;15.3859700000058;1432
1795318943;40.355380000006;15.3863900000064;1433
1795318943;40.3553900000065;15.3867600000069;1434
1795318943;40.3550900000081;15.3876900000088;1435
1795318943;40.3550300000084;15.3878300000091;1436
1795318943;40.3550100000087;15.3880000000095;1437
1795318943;40.3550200000088;15.3881100000096;1438
1795318943;40.355060000009;15.3882600000098;1439
1795318943;40.3551100000091;15.3883600000099;1440
1795318943;40.3551900000091;15.3884200000099;1441
1795318943;40.3556400000089;15.3886100000097;1442
1795318943;40.3560100000085;15.3886500000092;1443
1795318943;40.3561300000085;15.3887500000092;1444
1795318943;40.3562000000086;15.3888600000093;1445
1795318943;40.3564800000102;15.3901600000112;1446
1795318943;40.3565300000106;15.3904700000117;1447
1795318943;40.356680000011;15.3908000000122;1448
1795318943;40.3567600000111;15.3909300000123;1449
1795318943;40.3569000000112;15.3911000000124;1450
1795318943;40.3569800000114;15.3912900000126;1451
1795318943;40.3570900000118;15.3916700000132;1452
1795318943;40.3572000000122;15.3919700000136;1453
1795318943;40.3574300000126;15.3924100000142;1454
1795318943;40.3574300000127;15.3924600000143;1455
1795318943;40.3574000000128;15.3924900000144;1456
1795318943;40.3573400000129;15.3925000000145;1457
1795318943;40.3572400000129;15.3924600000145;1458
1795318943;40.3571800000129;15.3924000000145;1459
1795318943;40.3570500000124;15.3920100000139;1460
1795318943;40.3568700000119;15.3915800000134;1461
1795318943;40.3568000000118;15.3914500000132;1462
1795318943;40.3566100000116;15.391200000013;1463
1795318943;40.3564700000116;15.3910500000129;1464
1795318943;40.3563600000114;15.3908800000128;1465
1795318943;40.3560500000112;15.3905500000126;1466
1795318943;40.3559600000111;15.3904000000124;1467
1795318943;40.3558200000106;15.3899200000117;1468
1795318943;40.3556700000104;15.3896900000115;1469
1795318943;40.3555800000104;15.3896300000115;1470
1795318943;40.3554700000105;15.3896100000116;1471
1795318943;40.3553800000106;15.3896600000119;1472
1795318943;40.3552900000109;15.3897600000122;1473
1795318943;40.3552000000112;15.3899500000126;1474
1795318943;40.3551900000117;15.3902400000132;1475
1795318943;40.3552200000118;15.3903800000134;1476
1795318943;40.3554500000124;15.3909300000141;1477
1795318943;40.3554900000126;15.3911100000144;1478
1795318943;40.355500000013;15.3913800000149;1479
1795318943;40.3555300000132;15.3915300000152;1480
1795318943;40.3556000000134;15.3917000000154;1481
1795318943;40.3558300000139;15.392170000016;1482
1795318943;40.3560200000142;15.3924900000164;1483
1795318943;40.3561100000142;15.3925700000164;1484
1795318943;40.3563700000142;15.3927200000163;1485
1795318943;40.3564300000143;15.3928000000164;1486
1795318943;40.3564700000145;15.3929900000168;1487
1795318943;40.3564800000149;15.3932300000172;1488
1795318943;40.3562900000167;15.3942600000197;1489
1795318943;40.3562800000173;15.3946100000205;1490
1795318943;40.3563100000175;15.3947900000208;1491
1795318943;40.3563900000176;15.394920000021;1492
1795318943;40.3567300000178;15.3952400000212;1493
1795318943;40.3568800000179;15.3953500000212;1494
1795318943;40.357110000018;15.3955900000214;1495
1795318943;40.357260000018;15.3956700000214;1496
1795318943;40.3573900000179;15.3956900000212;1497
1795318943;40.3575700000177;15.3956600000209;1498
1795318943;40.3576900000177;15.3957200000208;1499
1795318943;40.3578000000179;15.3959100000211;1500
1795318943;40.3579000000182;15.3961700000215;1501
1795318943;40.3580100000185;15.3963800000218;1502
1795318943;40.3581600000186;15.3965200000219;1503
1795318943;40.3583400000184;15.3965500000217;1504
1795318943;40.3587700000179;15.3965200000209;1505
1795318943;40.3590000000176;15.3964800000205;1506
1795318943;40.359360000017;15.3963600000196;1507
1795318943;40.359470000017;15.3964400000196;1508
1795318943;40.3596200000171;15.3965700000197;1509
1795318943;40.3596900000174;15.3968000000201;1510
1795318943;40.3597800000177;15.3970200000205;1511
1795318943;40.3598700000178;15.3971200000205;1512
1795318943;40.3602100000176;15.3972500000203;1513
1795318943;40.3602900000177;15.3973700000204;1514
1795318943;40.360330000018;15.3975800000209;1515
1795318943;40.3603400000183;15.3977400000212;1516
1795318943;40.3604000000184;15.3978400000214;1517
1795318943;40.3604900000183;15.3978400000212;1518
1795318943;40.3605700000181;15.3977900000209;1519
1795318943;40.3607200000177;15.3976300000203;1520
1795318943;40.360900000017;15.3973900000194;1521
1795318943;40.3611000000164;15.3971600000186;1522
1795318943;40.361300000016;15.3970800000181;1523
1795318943;40.3617200000158;15.3972400000177;1524
1795318943;40.3619800000154;15.3972300000172;1525
1795318943;40.362210000015;15.3971400000166;1526
1795318943;40.3623800000144;15.396980000016;1527
1795318943;40.3625300000136;15.396650000015;1528
1795318943;40.3625600000133;15.3964800000146;1529
1795318943;40.3625900000131;15.3964000000143;1530
1795318943;40.3628300000124;15.3961800000134;1531
1795318943;40.3630800000117;15.3960000000126;1532
1795318943;40.3631700000113;15.3958500000121;1533
1795318943;40.363220000011;15.3957000000117;1534
1795318943;40.3632600000105;15.3954600000112;1535
1795318943;40.3633100000101;15.3952800000107;1536
1795318943;40.3634000000097;15.3951300000102;1537
1795318943;40.3635700000091;15.3949300000095;1538
1795318943;40.3637000000087;15.3948200000091;1539
1795318943;40.3642700000073;15.3945400000075;1540
1795318943;40.3645000000067;15.3943900000069;1541
1795318943;40.3645900000063;15.3942500000064;1542
1795318943;40.3648900000048;15.3936900000048;1543
1795318943;40.3650600000038;15.3933200000038;1544
1795318943;40.3651600000028;15.3928300000028;1545
1795318943;40.3652000000021;15.3925000000021;1546
1795318943;40.3653100000011;15.3920300000011;1547
1795318943;40.3655000000001;15.3916300000001;1548
1795318943;40.3659599999981;15.3909799999982;1549
1795318943;40.366009999998;15.3909399999981;1550
1795318943;40.3660999999978;15.3909399999979;1551
1795318943;40.3664399999973;15.3910099999975;1552
1795318943;40.3665899999971;15.3910199999972;1553
1795318943;40.3667199999968;15.391009999997;1554
1795318943;40.3668399999965;15.3909699999967;1555
1795318943;40.3670699999956;15.3906999999959;1556
1795318943;40.3673199999943;15.3902399999948;1557
1795318943;40.3674399999938;15.3900799999943;1558
1795318943;40.3684899999908;15.3895499999918;1559
1795318943;40.3691799999885;15.3890699999899;1560
1795318943;40.3693299999879;15.3889399999895;1561
1795318943;40.3696399999867;15.3886199999885;1562
1795318943;40.3698599999856;15.3882599999877;1563
1795318943;40.3699599999852;15.3881599999874;1564
1795318943;40.3700799999848;15.388069999987;1565
1795318943;40.3702499999843;15.3879899999866;1566
1795318943;40.3703999999838;15.3878899999863;1567
1795318943;40.3705499999833;15.3878299999859;1568
1795318943;40.3708999999822;15.3876399999851;1569
1795318943;40.3709799999818;15.3875599999849;1570
1795318943;40.3711199999811;15.3873199999843;1571
1795318943;40.3711699999808;15.3871999999841;1572
1795318943;40.3712799999802;15.3870499999838;1573
1795318943;40.3716499999787;15.3866499999827;1574
1795318943;40.3717599999781;15.3864799999823;1575
1795318943;40.3718599999775;15.3862599999819;1576
1795318943;40.3719899999768;15.3860399999814;1577
1795318943;40.3720999999763;15.3859199999811;1578
1795318943;40.3723999999752;15.3857399999804;1579
1795318943;40.3726499999745;15.3856699999799;1580
1795318943;40.3730999999731;15.385509999979;1581
1795318943;40.3733399999725;15.3855099999786;1582
1795318943;40.3736799999715;15.385469999978;1583
1795318943;40.3737499999713;15.3854399999778;1584
1795318943;40.3738499999709;15.3853899999776;1585
1795318943;40.3741399999696;15.3850799999768;1586
1795318943;40.3745899999679;15.3847699999758;1587
1795318943;40.3746299999676;15.3846899999756;1588
1795318943;40.3746299999675;15.3846199999756;1589
1795318943;40.3745899999675;15.3845699999756;1590
1795318943;40.3745199999676;15.3845399999757;1591
1795318943;40.374409999968;15.3845799999759;1592
1795318943;40.3742199999687;15.3847099999764;1593
1795318943;40.3740899999691;15.3847399999766;1594
1795318943;40.3739299999695;15.3846899999768;1595
1795318943;40.3737599999698;15.384609999977;1596
1795318943;40.3734599999703;15.3844399999774;1597
1795318943;40.3732099999706;15.3842499999776;1598
1795318943;40.372329999972;15.3837699999786;1599
1795318943;40.3717599999728;15.3834099999792;1600
1795318943;40.3716199999729;15.3832999999793;1601
1795318943;40.3715399999729;15.3831699999793;1602
1795318943;40.3714199999727;15.3828999999792;1603
1795318943;40.3713899999726;15.3827699999792;1604
1795318943;40.3713899999722;15.382549999979;1605
1795318943;40.3714399999714;15.3820899999785;1606
1795318943;40.371429999971;15.3818599999784;1607
1795318943;40.3714099999708;15.3817099999783;1608
1795318943;40.3713099999706;15.3814299999782;1609
1795318943;40.3712999999705;15.3813199999781;1610
1795318943;40.37138999997;15.3811999999779;1611
1795318943;40.3714499999698;15.3811399999778;1612
1795318943;40.3716699999691;15.3810699999774;1613
1795318943;40.371739999969;15.3810899999773;1614
1795318943;40.371799999969;15.3811899999773;1615
1795318943;40.3718499999691;15.3813599999773;1616
1795318943;40.3718899999695;15.3816499999775;1617
1795318943;40.3719399999697;15.3818499999776;1618
1795318943;40.3720299999697;15.3819699999775;1619
1795318943;40.3721299999696;15.3820299999774;1620
1795318943;40.3722299999693;15.3820299999773;1621
1795318943;40.3723399999689;15.381969999977;1622
1795318943;40.3727499999673;15.3816599999762;1623
1795318943;40.3728999999668;15.3815799999759;1624
1795318943;40.3730299999664;15.3815499999757;1625
1795318943;40.3733999999654;15.3815299999751;1626
1795318943;40.3736999999643;15.3813599999745;1627
1795318943;40.3745399999616;15.381109999973;1628
1795318943;40.3754399999587;15.3808799999714;1629
1795318943;40.3755553357423;15.3808323321066;1630