shape_id;shape_pt_lat;shape_pt_lon;shape_pt_sequence
3727372334;40.5822133715237;15.1848378130486;1
3727372334;40.5823999933125;15.1853500166108;2
3727372334;40.5824999933023;15.1857100166589;3
3727372334;40.5825499932944;15.185970016693;4
3727372334;40.58255999329;15.1861000167096;5
3727372334;40.5825599932865;15.1862000167222;6
3727372334;40.5825399932831;15.1862800167316;7
3727372334;40.5829599932892;15.1864100167611;8
3727372334;40.5830399933019;15.1861100167259;9
3727372334;40.5832099933179;15.1857800166899;10
3727372334;40.5833699933314;15.185510016661;11
3727372334;40.5836099933467;15.185250016636;12
3727372334;40.5836999933511;15.1851900166313;13
3727372334;40.5839999933622;15.1850900166281;14
3727372334;40.5843799933817;15.1848100166049;15
3727372334;40.5847699933994;15.1845900165895;16
3727372334;40.5849199933997;15.1846900166066;17
3727372334;40.5850099934135;15.1843600165683;18
3727372334;40.5852399934575;15.1832600164387;19
3727372334;40.5853899934835;15.1826200163641;20
3727372334;40.5857499935198;15.1818300162777;21
3727372334;40.5858799935365;15.1814400162336;22
3727372334;40.5860599935743;15.1804700161202;23
3727372334;40.586199993613;15.1794400159987;24
3727372334;40.5861299936681;15.1777700157941;25
3727372334;40.5861299936715;15.1776700157821;26
3727372334;40.586159993676;15.1775600157697;27
3727372334;40.5861999936804;15.1774600157588;28
3727372334;40.58636999369;15.1773000157447;29
3727372334;40.586599993699;15.1772000157395;30
3727372334;40.5869799937107;15.1771300157425;31
3727372334;40.5873599937201;15.1771300157538;32
3727372334;40.5876399937283;15.1770900157574;33
3727372334;40.5877499937354;15.176960015745;34
3727372334;40.5878699937468;15.1767100157185;35
3727372334;40.5879099937585;15.1763900156812;36
3727372334;40.5879199937675;15.1761300156503;37
3727372334;40.5878699937833;15.1756200155877;38
3727372334;40.5877999937917;15.1753200155498;39
3727372334;40.5876999938;15.1750000155086;40
3727372334;40.5875399938071;15.1746700154646;41
3727372334;40.5873799938163;15.1742800154134;42
3727372334;40.5873399938207;15.1741200153932;43
3727372334;40.5873099938243;15.1739900153769;44
3727372334;40.5872799938367;15.1736000153298;45
3727372334;40.5872799938507;15.1731800152801;46
3727372334;40.5873099938581;15.1729800152574;47
3727372334;40.5873599938656;15.1727900152364;48
3727372334;40.5874199938724;15.1726300152194;49
3727372334;40.5875499938825;15.1724200151985;50
3727372334;40.5884999939455;15.1712000150831;51
3727372334;40.5885899939503;15.1711200150763;52
3727372334;40.5889999939683;15.1708700150591;53
3727372334;40.5890699939739;15.1707500150471;54
3727372334;40.5890699939769;15.1706600150365;55
3727372334;40.5890299939786;15.170580015026;56
3727372334;40.5889399939797;15.1704800150117;57
3727372334;40.5886499939768;15.1703600149893;58
3727372334;40.5881599939682;15.1702700149645;59
3727372334;40.5880699939687;15.1701900149525;60
3727372334;40.5879899939712;15.170060014935;61
3727372334;40.5879299939737;15.1699400149193;62
3727372334;40.5878999939783;15.1697800148998;63
3727372334;40.587919993987;15.1695300148714;64
3727372334;40.5880299939991;15.1692400148409;65
3727372334;40.5881499940102;15.1689900148154;66
3727372334;40.588259994016;15.1688900148071;67
3727372334;40.5884399940225;15.1688200148042;68
3727372334;40.5885299940266;15.1687600147999;69
3727372334;40.5885899940313;15.1686600147901;70
3727372334;40.5887299940496;15.168200014741;71
3727372334;40.5887899940552;15.1680700147277;72
3727372334;40.5892199940799;15.1676200146883;73
3727372334;40.5893799940905;15.1674100146687;74
3727372334;40.5893899940953;15.1672700146529;75
3727372334;40.5893499940982;15.167150014638;76
3727372334;40.5892599940978;15.1671000146297;77
3727372334;40.5889599940925;15.1670500146153;78
3727372334;40.5888699940921;15.1670000146069;79
3727372334;40.588739994094;15.166850014586;80
3727372334;40.5886699940966;15.166720014569;81
3727372334;40.5886299941002;15.1665800145518;82
3727372334;40.5886299941035;15.1664800145404;83
3727372334;40.5886499941102;15.1662900145192;84
3727372334;40.5887499941274;15.1658300144696;85
3727372334;40.5888499941391;15.1655400144394;86
3727372334;40.5889199941453;15.1654000144255;87
3727372334;40.5890299941523;15.1652600144127;88
3727372334;40.5893499941687;15.1649800143901;89
3727372334;40.5895399941853;15.1646000143524;90
3727372334;40.58961999419;15.1645100143444;91
3727372334;40.589829994199;15.1643800143357;92
3727372334;40.5899399942057;15.1642500143241;93
3727372334;40.5899699942086;15.164180014317;94
3727372334;40.5899999942154;15.1639900142964;95
3727372334;40.590029994227;15.1636500142588;96
3727372334;40.5901999942498;15.1630600141971;97
3727372334;40.5905599942758;15.1625000141443;98
3727372334;40.5905899942823;15.162320014125;99
3727372334;40.5905799942855;15.1622100141124;100
3727372334;40.5905299942892;15.1620600140941;101
3727372334;40.5904299942918;15.1619100140745;102
3727372334;40.5897399942985;15.1612200139778;103
3727372334;40.589669994302;15.161060013958;104
3727372334;40.5894699943252;15.1602000138567;105
3727372334;40.5894399943335;15.1599200138248;106
3727372334;40.5894699943488;15.1594600137747;107
3727372334;40.589439994352;15.1593400137606;108
3727372334;40.5893499943577;15.1591000137316;109
3727372334;40.589249994361;15.15893001371;110
3727372334;40.5890999943622;15.1587900136903;111
3727372334;40.5887899943619;15.1585900136595;112
3727372334;40.5886799943602;15.1585700136542;113
3727372334;40.5885999943582;15.158580013653;114
3727372334;40.5885399943559;15.1586100136546;115
3727372334;40.588489994353;15.1586700136598;116
3727372334;40.5884399943487;15.1587700136694;117
3727372334;40.5883799943413;15.1589600136886;118
3727372334;40.5883399943334;15.1591800137118;119
3727372334;40.5882499942986;15.160200013822;120
3727372334;40.5881899942935;15.1603200138336;121
3727372334;40.5881099942885;15.1604200138424;122
3727372334;40.5880299942855;15.1604600138446;123
3727372334;40.5878299942812;15.1604600138388;124
3727372334;40.5876799942818;15.1603400138212;125
3727372334;40.5873599942886;15.1599200137655;126
3727372334;40.5872499942894;15.1598200137513;127
3727372334;40.5871399942887;15.1597700137426;128
3727372334;40.5869599942858;15.1597400137341;129
3727372334;40.5865699942779;15.1597300137218;130
3727372334;40.5862799942727;15.1597000137101;131
3727372334;40.58569999427;15.1594100136614;132
3727372334;40.5856099942707;15.15933001365;133
3727372334;40.5855099942748;15.1591400136261;134
3727372334;40.5852599942938;15.1584000135376;135
3727372334;40.5850699943042;15.1579600134839;136
3727372334;40.5849799943057;15.1578600134704;137
3727372334;40.5848299943058;15.1577600134551;138
3727372334;40.5846799943048;15.1577000134442;139
3727372334;40.5844099943015;15.1576300134287;140
3727372334;40.5841299942998;15.1575100134075;141
3727372334;40.583979994304;15.1572900133791;142
3727372334;40.5839499943063;15.1572000133685;143
3727372334;40.5839499943129;15.1570000133467;144
3727372334;40.5839699943185;15.1568400133299;145
3727372334;40.5840399943271;15.156620013308;146
3727372334;40.5843899943514;15.1560900132607;147
3727372334;40.5845899943682;15.1557000132242;148
3727372334;40.5848399943845;15.1553500131936;149
3727372334;40.5848799943886;15.155250013184;150
3727372334;40.5848899943949;15.1550600131638;151
3727372334;40.5848799943976;15.1549700131538;152
3727372334;40.5847899944108;15.1545100131017;153
3727372334;40.5847999944178;15.1543000130794;154
3727372334;40.5848299944219;15.1541900130685;155
3727372334;40.5848799944255;15.1541100130613;156
3727372334;40.5851999944377;15.1539300130512;157
3727372334;40.5856099944554;15.1536300130308;158
3727372334;40.5858799944717;15.1532900130021;159
3727372334;40.5859899944794;15.1531200129871;160
3727372334;40.5860799944888;15.152880012964;161
3727372334;40.5861799945078;15.1523500129104;162
3727372334;40.586279994512;15.1522800129058;163
3727372334;40.5863499945137;15.1522700129067;164
3727372334;40.5866099945182;15.1522900129162;165
3727372334;40.5871799945257;15.152410012945;166
3727372334;40.5875799945321;15.1524600129616;167
3727372334;40.5877399945325;15.1525500129757;168
3727372334;40.5878099945297;15.1526800129915;169
3727372334;40.5878299945254;15.1528300130081;170
3727372334;40.5878199945201;15.1529900130249;171
3727372334;40.5877699945102;15.1532700130535;172
3727372334;40.5876599944994;15.1535400130793;173
3727372334;40.5875999944912;15.1537600131012;174
3727372334;40.5875899944805;15.1540900131363;175
3727372334;40.5876399944685;15.1545000131818;176
3727372334;40.5877199944672;15.1545900131938;177
3727372334;40.5877799944678;15.1546100131976;178
3727372334;40.5878499944705;15.1545700131953;179
3727372334;40.5878899944733;15.15451001319;180
3727372334;40.5879299944865;15.1541200131491;181
3727372334;40.5879799944932;15.1539400131312;182
3727372334;40.5881899945149;15.1533900130781;183
3727372334;40.588329994527;15.153100013051;184
3727372334;40.5884699945364;15.1528900130325;185
3727372334;40.5885699945423;15.1527700130225;186
3727372334;40.5886699945465;15.1527000130178;187
3727372334;40.5888199945502;15.1526800130198;188
3727372334;40.5895199945626;15.1527400130458;189
3727372334;40.5899099945709;15.1527300130555;190
3727372334;40.5901099945778;15.1526400130515;191
3727372334;40.5902599945844;15.1525300130439;192
3727372334;40.5904099945931;15.1523500130288;193
3727372334;40.5904999946005;15.1521700130121;194
3727372334;40.5905799946103;15.1519100129866;195
3727372334;40.5906099946156;15.1517600129715;196
3727372334;40.5906299946247;15.1514800129423;197
3727372334;40.5906499946605;15.1503400128221;198
3727372334;40.590679994666;15.150180012806;199
3727372334;40.5907599946735;15.1499900127882;200
3727372334;40.5911899947085;15.1491400127105;201
3727372334;40.5912599947173;15.1489000126873;202
3727372334;40.5913499947335;15.1484300126405;203
3727372334;40.5913499947387;15.1482600126227;204
3727372334;40.5909299948248;15.145180012292;205
3727372334;40.590909994833;15.1449000122627;206
3727372334;40.5909099948421;15.1446000122319;207
3727372334;40.5909299948513;15.1443100122028;208
3727372334;40.5910299948676;15.1438400121574;209
3727372334;40.5911099948767;15.1435900121341;210
3727372334;40.59124999489;15.1432400121022;211
3727372334;40.594269995158;15.1361500114729;212
3727372334;40.5944799951774;15.1356200114263;213
3727372334;40.5945399951991;15.1349100113584;214
3727372334;40.5945399952137;15.1344100113097;215
3727372334;40.5946099952527;15.1331100111854;216
3727372334;40.5946499952962;15.1316300110439;217
3727372334;40.5948399954555;15.1261800105338;218
3727372334;40.5948399954672;15.1257700104957;219
3727372334;40.5949299955235;15.1238300103187;220
3727372334;40.5949599955457;15.1230600102489;221
3727372334;40.5949499955478;15.1229800102413;222
3727372334;40.5948999955527;15.1227800102218;223
3727372334;40.5941099955963;15.1207800100204;224
3727372334;40.5935099956311;15.1192100098643;225
3727372334;40.5934199956345;15.1190400098469;226
3727372334;40.5933299956373;15.1188900098312;227
3727372334;40.5932399956388;15.1187900098201;228
3727372334;40.5931399956395;15.1187100098104;229
3727372334;40.5930099956398;15.1186300098001;230
3727372334;40.5922199956372;15.1183000097509;231
3727372334;40.5921299956378;15.1182300097424;232
3727372334;40.592059995639;15.1181500097336;233
3727372334;40.5919799956421;15.1180000097182;234
3727372334;40.5919499956464;15.1178300097024;235
3727372334;40.5919599956551;15.1175300096761;236
3727372334;40.5920099956598;15.117390009665;237
3727372334;40.5920999956645;15.1172700096566;238
3727372334;40.5921999956688;15.1171700096503;239
3727372334;40.5923799956731;15.1171100096495;240
3727372334;40.592459995674;15.1171200096523;241
3727372334;40.5926199956747;15.1171800096616;242
3727372334;40.5932699956746;15.1175300097088;243
3727372334;40.5935099956726;15.1177300097325;244
3727372334;40.5936399956704;15.117880009749;245
3727372334;40.5937599956666;15.1180800097698;246
3727372334;40.5938199956636;15.1182200097837;247
3727372334;40.5938899956619;15.1183200097944;248
3727372334;40.5942999956559;15.1187600098438;249
3727372334;40.5944699956518;15.1190000098694;250
3727372334;40.5945899956478;15.1192100098912;251
3727372334;40.594759995646;15.1193700099097;252
3727372334;40.5950299956458;15.1195300099308;253
3727372334;40.5953199956411;15.1198600099676;254
3727372334;40.5954699956354;15.1201500099974;255
3727372334;40.5956599956243;15.1206600100481;256
3727372334;40.5957499956221;15.120790010062;257
3727372334;40.5958699956212;15.120890010074;258
3727372334;40.5959899956215;15.1209500100824;259
3727372334;40.5963699956243;15.1210700101027;260
3727372334;40.5965499956234;15.1212100101198;261
3727372334;40.5966199956223;15.1212900101288;262
3727372334;40.5968599956226;15.1214200101465;263
3727372334;40.5969799956235;15.121460010153;264
3727372334;40.5970999956252;15.1214700101569;265
3727372334;40.5972099956276;15.1214500101578;266
3727372334;40.5972899956303;15.1214000101552;267
3727372334;40.5973699956346;15.1212900101472;268
3727372334;40.5975499956508;15.1208100101081;269
3727372334;40.5976099956581;15.1205800100887;270
3727372334;40.5975999956646;15.1203400100668;271
3727372334;40.5976199956915;15.1193700099799;272
3727372334;40.5975799957035;15.1189100099377;273
3727372334;40.5972999957193;15.1181700098648;274
3727372334;40.5972799957214;15.1180800098562;275
3727372334;40.5972799957236;15.1180000098491;276
3727372334;40.5973399957268;15.1179200098434;277
3727372334;40.5974299957285;15.1179100098447;278
3727372334;40.5975799957276;15.1180300098591;279
3727372334;40.5976599957245;15.1181900098753;280
3727372334;40.5977199957244;15.1182300098803;281
3727372334;40.5977899957266;15.1181900098784;282
3727372334;40.5977999957295;15.1180900098697;283
3727372334;40.5977699957306;15.1180300098637;284
3727372334;40.5975199957329;15.1178000098371;285
3727372334;40.5973599957356;15.1176100098163;286
3727372334;40.5971599957439;15.1171900097742;287
3727372334;40.5971399957455;15.1171200097675;288
3727372334;40.5971399957509;15.1169200097498;289
3727372334;40.5971699957558;15.1167600097364;290
3727372334;40.5972899957672;15.1164100097083;291
3727372334;40.5978299958088;15.115190009614;292
3727372334;40.5981899958381;15.1143100095456;293
3727372334;40.5984699958589;15.1137000094991;294
3727372334;40.5986399958706;15.1133600094736;295
3727372334;40.5987999958777;15.1131900094626;296
3727372334;40.5991899958914;15.1129000094467;297
3727372334;40.5997399959085;15.112580009432;298
3727372334;40.6000599959176;15.1124200094257;299
3727372334;40.6002299959235;15.1123000094193;300
3727372334;40.6009599959522;15.1116400093794;301
3727372334;40.6015599959734;15.1111900093547;302
3727372334;40.6021599960007;15.1105000093093;303
3727372334;40.602509996014;15.1102000092917;304
3727372334;40.6029399960334;15.1097100092597;305
3727372334;40.6031399960427;15.1094700092438;306
3727372334;40.6033199960522;15.1092100092258;307
3727372334;40.6033799960562;15.109090009217;308
3727372334;40.603789996088;15.1081000091423;309
3727372334;40.6041099961164;15.1071800090719;310
3727372334;40.6048999961805;15.1051300089181;311
3727372334;40.6050599961922;15.1047600088909;312
3727372334;40.6053599962123;15.1041400088462;313
3727372334;40.6056999962522;15.1027500087391;314
3727372334;40.6059499962948;15.1011800086162;315
3727372334;40.605979996318;15.1002600085422;316
3727372334;40.6060399963349;15.099610008491;317
3727372334;40.606069996354;15.0988500084305;318
3727372334;40.6061199963648;15.0984400083988;319
3727372334;40.6069999964786;15.0942700080878;320
3727372334;40.6073399965205;15.0927200079744;321
3727372334;40.6074099965272;15.0924800079573;322
3727372334;40.6078799965534;15.0916500079032;323
3727372334;40.6084799965841;15.0907000078429;324
3727372334;40.6091599966157;15.0897500077845;325
3727372334;40.6094299966268;15.0894300077658;326
3727372334;40.6106199966727;15.0881500076933;327
3727372334;40.6107999966809;15.0879000076781;328
3727372334;40.6121699967339;15.0864000075933;329
3727372334;40.6125299967524;15.0858000075557;330
3727372334;40.6127599967799;15.0847200074801;331
3727372334;40.6137699969091;15.0795200071209;332
3727372334;40.6139799969454;15.0779900070157;333
3727372334;40.6140999969543;15.0776500069939;334
3727372334;40.6141999969606;15.0774200069795;335
3727372334;40.6144399969793;15.0767000069332;336
3727372334;40.6146899969965;15.0760500068923;337
3727372334;40.6148399970032;15.0758300068797;338
3727372334;40.6152899970194;15.075340006854;339
3727372334;40.6156699970355;15.0748100068242;340
3727372334;40.6159299970456;15.0744900068069;341
3727372334;40.6160399970527;15.0742200067902;342
3727372334;40.6160299970598;15.0738800067663;343
3727372334;40.6158999970774;15.0729800067016;344
3727372334;40.6159999970886;15.0725100066711;345
3727372334;40.6161599971035;15.0719000066323;346
3727372334;40.6163199971213;15.071150006584;347
3727372334;40.6163899971321;15.0706800065533;348
3727372334;40.6168599972193;15.0667700062995;349
3727372334;40.6172199972586;15.065070006194;350
3727372334;40.6175499972834;15.0640400061327;351
3727372334;40.617469997304;15.062990006063;352
3727372334;40.6173899973164;15.0623400060196;353
3727372334;40.617209997323;15.0619200059893;354
3727372334;40.6166899973305;15.0612800059389;355
3727372334;40.6164299973363;15.0608600059073;356
3727372334;40.6160499973473;15.060130005854;357
3727372334;40.6159599973535;15.0597800058302;358
3727372334;40.6158699973648;15.0591800057907;359
3727372334;40.6156099973719;15.0587000057558;360
3727372334;40.615339997378;15.058270005724;361
3727372334;40.614979997383;15.0578500056912;362
3727372334;40.6147999973868;15.0575800056711;363
3727372334;40.6146099973941;15.0571300056397;364
3727372334;40.6143299974162;15.0559200055598;365
3727372334;40.6140799974265;15.0553000055172;366
3727372334;40.6140399974287;15.0551700055086;367
3727372334;40.6132999974589;15.0533600053851;368
3727372334;40.6132499974648;15.0530500053655;369
3727372334;40.6132799974787;15.0523800053257;370
3727372334;40.6133599974942;15.0516500052835;371
3727372334;40.6133899974959;15.0515800052798;372
3727372334;40.6134899974961;15.0516100052834;373
3727372334;40.6135699974974;15.0515800052831;374
3727372334;40.6136299974994;15.05151000528;375
3727372334;40.6136499975017;15.0514000052738;376
3727372334;40.6136299975038;15.0512900052669;377
3727372334;40.6135699975047;15.0512200052616;378
3727372334;40.6134399975042;15.0511900052575;379
3727372334;40.613349997508;15.0509600052422;380
3727372334;40.6131199975125;15.0506400052191;381
3727372334;40.6129599975148;15.0504600052055;382
3727372334;40.6124699975237;15.0498200051589;383
3727372334;40.6119599975311;15.0492500051163;384
3727372334;40.6113599975391;15.0486200050686;385
3727372334;40.6112599975415;15.0484600050574;386
3727372334;40.6104099975521;15.0476200049933;387
3727372334;40.6097699975581;15.0470900049511;388
3727372334;40.6094999975624;15.0467800049283;389
3727372334;40.609029997575;15.0460000048751;390
3727372334;40.6085699975865;15.0452800048257;391
3727372334;40.608019997598;15.0445300047732;392
3727372334;40.6075299976096;15.0438100047237;393
3727372334;40.606959997626;15.0428300046585;394
3727372334;40.6062999976509;15.0414200045683;395
3727372334;40.6061399976596;15.0409500045395;396
3727372334;40.6051199977106;15.0381800043704;397
3727372334;40.6038099977814;15.0343900041458;398
3727372334;40.6031499978153;15.0325800040401;399
3727372334;40.602929997829;15.0318600039992;400
3727372334;40.6028199978393;15.0313300039701;401
3727372334;40.6027499978501;15.0307800039409;402
3727372334;40.6027499978584;15.0303700039201;403
3727372334;40.6028299978759;15.0295200038787;404
3727372334;40.6028999978989;15.0283900038234;405
3727372334;40.6028799979136;15.0276500037863;406
3727372334;40.6027699979444;15.0260900037076;407
3727372334;40.6026599979586;15.02536000367;408
3727372334;40.6023899979869;15.0238900035941;409
3727372334;40.6021399980168;15.0223400035157;410
3727372334;40.6020299980323;15.0215400034759;411
3727372334;40.6015599980896;15.0185600033288;412
3727372334;40.6013899981122;15.0173800032718;413
3727372334;40.6009999981474;15.0155300031813;414
3727372334;40.6008499981729;15.0142000031194;415
3727372334;40.6004499982916;15.0079700028431;416
3727372334;40.6004499983053;15.0072400028124;417
3727372334;40.6005599983163;15.00666000279;418
3727372334;40.6006399983227;15.0063200027772;419
3727372334;40.6008899983365;15.0055900027511;420
3727372334;40.6021499983744;15.0035800026895;421
3727372334;40.6029699984012;15.0021400026446;422
3727372334;40.6030099984034;15.0020200026404;423
3727372334;40.6031199984041;15.0019800026406;424
3727372334;40.603189998406;15.0018800026377;425
3727372334;40.6032199984085;15.0017400026325;426
3727372334;40.6031899984107;15.0016200026272;427
3727372334;40.6034199984182;15.0012100026146;428
3727372334;40.60376999844;15.0000100025725;429
3727372334;40.6042399984672;14.9985000025206;430
3727372334;40.6045799984885;14.9973000024793;431
3727372334;40.6047699984953;14.9969200024676;432
3727372334;40.6048099984956;14.9969000024675;433
3727372334;40.6048299984963;14.9968600024662;434
3727372334;40.6048399984974;14.9968000024641;435
3727372334;40.6048199984981;14.9967600024622;436
3727372334;40.6059499985077;14.9962300024595;437
3727372334;40.6072899985218;14.9954500024503;438
3727372334;40.607719998528;14.9951000024435;439
3727372334;40.6081999985381;14.9945300024291;440
3727372334;40.6087999985498;14.9938600024128;441
3727372334;40.6094499985634;14.9930800023932;442
3727372334;40.6099099985723;14.992570002381;443
3727372334;40.6109099985938;14.9913200023493;444
3727372334;40.6110299985983;14.9910500023411;445
3727372334;40.6111199986084;14.9904400023199;446
3727372334;40.6111899986131;14.9901600023106;447
3727372334;40.611459998619;14.9898100023018;448
3727372334;40.6116599986227;14.9895900022966;449
3727372334;40.6119099986291;14.9892100022864;450
3727372334;40.6119599986319;14.9890400022809;451
3727372334;40.6119399986333;14.9889500022774;452
3727372334;40.6118399986362;14.9887700022694;453
3727372334;40.6114299986433;14.9883200022472;454
3727372334;40.6112699986471;14.9880800022362;455
3727372334;40.6110699986498;14.9879100022272;456
3727372334;40.6108599986503;14.9878800022231;457
3727372334;40.6106599986512;14.987820002218;458
3727372334;40.6103899986539;14.987650002208;459
3727372334;40.6094299986607;14.987230002179;460
3727372334;40.6096599986658;14.9869200021713;461
3727372334;40.6099599986717;14.9865600021629;462
3727372334;40.6112199986952;14.98511000213;463
3727372334;40.6115799987014;14.9847300021219;464
3727372334;40.6119999987097;14.9842100021097;465
3727372334;40.6123799987153;14.983860002103;466
3727372334;40.6130999987237;14.9833400020951;467
3727372334;40.6141399987382;14.9824300020783;468
3727372334;40.6143099987417;14.9822100020731;469
3727372334;40.6144299987449;14.9820100020679;470
3727372334;40.6149699987601;14.9810400020423;471
3727372334;40.6151099987644;14.9807600020347;472
3727372334;40.6151899987706;14.9803600020223;473
3727372334;40.6153299987752;14.9800600020141;474
3727372334;40.615479998778;14.9798800020101;475
3727372334;40.6156899987927;14.9789200019808;476
3727372334;40.6154699987952;14.9787500019722;477
3727372334;40.6151299988004;14.9784100019563;478
3727372334;40.6144499988123;14.9776300019214;479
3727372334;40.61349999883;14.9764900018713;480
3727372334;40.6125999988368;14.9760800018458;481
3727372334;40.6131699988698;14.9738900017836;482
3727372334;40.6134699988833;14.972980001759;483
3727372334;40.6135799988853;14.9728400017561;484
3727372334;40.6141199989004;14.9718000017309;485
3727372334;40.6142999989037;14.9715700017262;486
3727372334;40.6145399989056;14.9714300017251;487
3727372334;40.6148299989069;14.9713300017258;488
3727372334;40.6150999989071;14.9713000017284;489
3727372334;40.6155399989068;14.9713000017342;490
3727372334;40.6159599989057;14.9713600017416;491
3727372334;40.6167999988983;14.9718400017674;492
3727372334;40.617149998896;14.9719900017767;493
3727372334;40.6186899988834;14.9728400018233;494
3727372334;40.6194699988779;14.9732300018457;495
3727372334;40.6196999988768;14.9733100018512;496
3727372334;40.620559998874;14.9735300018692;497
3727372334;40.6212299988739;14.9735600018787;498
3727372334;40.6214399988769;14.973360001875;499
3727372334;40.6215099988805;14.9731100018679;500
3727372334;40.6214999988832;14.9729200018618;501
3727372334;40.6214099988864;14.9726900018533;502
3727372334;40.6208599988994;14.9717600018171;503
3727372334;40.6206099989068;14.9712300017973;504
3727372334;40.6206599989352;14.9692200017359;505
3727372334;40.6207199989524;14.9680000016996;506
3727372334;40.6208099989708;14.9666800016611;507
3727372334;40.6209199989849;14.9656600016321;508
3727372334;40.6210199989942;14.9649800016134;509
3727372334;40.6212199990082;14.9639600015861;510
3727372334;40.6217099990353;14.9619500015342;511
3727372334;40.6226099990796;14.9585900014508;512
3727372334;40.6229899990969;14.9572600014189;513
3727372334;40.6236299991219;14.9553000013736;514
3727372334;40.6246299991544;14.9526900013163;515
3727372334;40.6258699991921;14.9495800012506;516
3727372334;40.6269799992261;14.9467000011913;517
3727372334;40.6275299992459;14.945000001156;518
3727372334;40.62761999925;14.9446500011486;519
3727372334;40.6277099992541;14.944290001141;520
3727372334;40.6278599992625;14.9435700011255;521
3727372334;40.6280599992752;14.9424700011018;522
3727372334;40.628159999284;14.9417100010851;523
3727372334;40.6282599992959;14.9406700010622;524
3727372334;40.6283099993064;14.939760001042;525
3727372334;40.6283999993328;14.9374500009914;526
3727372334;40.6284899993467;14.9362100009652;527
3727372334;40.6285699993559;14.9353900009482;528
3727372334;40.6286999993661;14.9344600009297;529
3727372334;40.628809999373;14.9338200009172;530
3727372334;40.6289799993815;14.9330300009023;531
3727372334;40.6292599993925;14.9319800008832;532
3727372334;40.6294699993997;14.931290000871;533
3727372334;40.6312899994549;14.925780000779;534
3727372334;40.6339899995303;14.9177100006555;535
3727372334;40.6346099995474;14.915800000628;536
3727372334;40.6361099995857;14.9113400005669;537
3727372334;40.6362499995902;14.9108200005597;538
3727372334;40.6370199996084;14.9086100005312;539
3727372334;40.6375199996187;14.9073100005153;540
3727372334;40.6395599996528;14.902770000464;541
3727372334;40.6420499996912;14.8973300004073;542
3727372334;40.6427299997014;14.8958300003924;543
3727372334;40.6429799997054;14.8952300003864;544
3727372334;40.6432099997085;14.8947600003819;545
3727372334;40.6445199997289;14.8916500003519;546
3727372334;40.6449399997347;14.8907300003435;547
3727372334;40.6482099997791;14.8833300002799;548
3727372334;40.648939999788;14.8817400002674;549
3727372334;40.6499099998003;14.8795100002501;550
3727372334;40.6513599998175;14.8762400002261;551
3727372334;40.6518999998215;14.8753600002207;552
3727372334;40.6526299998296;14.8737400002096;553
3727372334;40.655419999862;14.8669800001653;554
3727372334;40.6557299998651;14.8662900001612;555
3727372334;40.6564399998709;14.8648900001536;556
3727372334;40.6567099998713;14.8646800001533;557
3727372334;40.6568099998712;14.8646500001535;558
3727372334;40.6570299998703;14.8646900001549;559
3727372334;40.657209999869;14.8648300001569;560
3727372334;40.6573499998668;14.8651700001604;561
3727372334;40.6573699998654;14.8654000001623;562
3727372334;40.6573199998641;14.8656600001642;563
3727372334;40.6572199998633;14.8658500001652;564
3727372334;40.657099999863;14.8659600001655;565
3727372334;40.6568199998629;14.8661200001654;566
3727372334;40.6565399998632;14.8662100001647;567
3727372334;40.6557299998651;14.8662900001612;568
3727372334;40.6521599998806;14.8655900001372;569
3727372334;40.6518999998821;14.865480000135;570
3727372334;40.6514099998858;14.8651600001299;571
3727372334;40.6506899998933;14.8643200001196;572
3727372334;40.650479999895;14.8641600001173;573
3727372334;40.6487299999154;14.8618700000913;574
3727372334;40.648569999918;14.8615500000882;575
3727372334;40.649029999946;14.8563200000557;576
3727372334;40.6490799999489;14.8557700000525;577
3727372334;40.6490999999494;14.855670000052;578
3727372334;40.6493199999629;14.8530200000372;579
3727372334;40.6494699999783;14.8500200000212;580
3727372334;40.6494799999807;14.8495500000188;581
3727372334;40.6493099999884;14.8482300000111;582
3727372334;40.6489399999967;14.8469700000031;583
3727372334;40.6488600000003;14.8463399999997;584
3727372334;40.648840000004;14.8456299999962;585
3727372334;40.6489300000076;14.844839999993;586
3727372334;40.6492600000136;14.8433099999876;587
3727372334;40.6492000000198;14.842099999982;588
3727372334;40.648960000024;14.8414899999784;589
3727372334;40.6487900000275;14.8409599999755;590
3727372334;40.6484300000481;14.837019999959;591
3727372334;40.6478000000643;14.834249999947;592
3727372334;40.6476200000696;14.8333199999434;593
3727372334;40.6472600000787;14.8317299999373;594
3727372334;40.6471600000805;14.8314599999361;595
3727372334;40.6471100000816;14.8312799999354;596
3727372334;40.6469700000866;14.8303399999323;597
3727372334;40.647060000088;14.8298899999315;598
3727372334;40.647180000089;14.8294999999309;599
3727372334;40.6474100000905;14.8288499999301;600
3727372334;40.6484700000921;14.8270399999297;601
3727372334;40.6494300000926;14.82559999993;602
3727372334;40.6494900000941;14.8251499999292;603
3727372334;40.6495600000968;14.8243699999278;604
3727372334;40.6498100000991;14.8234399999267;605
3727372334;40.6501000001001;14.8227599999264;606
3727372334;40.6511000000991;14.8215699999276;607
3727372334;40.6515700000989;14.8209299999279;608
3727372334;40.6527200000997;14.8190099999284;609
3727372334;40.6530900000994;14.8185299999288;610
3727372334;40.6533700001008;14.8177099999284;611
3727372334;40.6535900001023;14.8169499999279;612
3727372334;40.6536700001035;14.8164899999275;613
3727372334;40.6538300001039;14.8161199999274;614
3727372334;40.6544000001062;14.814559999927;615
3727372334;40.6544100001111;14.8130699999252;616
3727372334;40.6545100001124;14.8124999999248;617
3727372334;40.654600000112;14.8124699999251;618
3727372334;40.6546700001119;14.8123799999252;619
3727372334;40.6547000001122;14.8122499999251;620
3727372334;40.6546700001128;14.8121199999249;621
3727372334;40.6545700001137;14.8120199999245;622
3727372334;40.654980000119;14.8096399999233;623
3727372334;40.6559400001247;14.8060299999233;624
3727372334;40.6561900001256;14.8052299999235;625
3727372334;40.656370000126;14.8047499999237;626
3727372334;40.6570100001252;14.8037999999249;627
3727372334;40.6576800001242;14.8028699999261;628
3727372334;40.6577600001237;14.8029199999263;629
3727372334;40.6578300001233;14.8029199999265;630
3727372334;40.6579000001231;14.8028499999266;631
3727372334;40.6579200001232;14.8027599999266;632
3727372334;40.6579100001237;14.8026299999266;633
3727372334;40.6586500001231;14.8013699999279;634
3727372334;40.6598400001214;14.7996399999302;635
3727372334;40.6599500001213;14.7994399999304;636
3727372334;40.6608500001182;14.7988599999322;637
3727372334;40.6621100001147;14.7977299999347;638
3727372334;40.6622900001143;14.7975099999351;639
3727372334;40.6628100001129;14.7970199999361;640
3727372334;40.6632000001118;14.7966999999369;641
3727372334;40.6633200001113;14.7966299999371;642
3727372334;40.6636400001106;14.7962999999377;643
3727372334;40.6637700001103;14.796139999938;644
3727372334;40.6638500001102;14.7959999999381;645
3727372334;40.6642800001102;14.7950999999389;646
3727372334;40.6647300001097;14.7943899999397;647
3727372334;40.6649200001093;14.7941299999401;648
3727372334;40.6658100001083;14.7926699999418;649
3727372334;40.6660400001082;14.7921799999422;650
3727372334;40.6667400001073;14.7910499999436;651
3727372334;40.6671000001069;14.7904399999443;652
3727372334;40.6674500001066;14.789769999945;653
3727372334;40.6676600001063;14.7894599999454;654
3727372334;40.6685200001053;14.7879499999472;655
3727372334;40.6689600001046;14.7872299999481;656
3727372334;40.6696100001044;14.7857499999495;657
3727372334;40.669830000104;14.78544999995;658
3727372334;40.6700900001035;14.7850399999505;659
3727372334;40.6709700001025;14.7833599999524;660
3727372334;40.6710800001026;14.7829899999528;661
3727372334;40.6713200001027;14.7823199999534;662
3727372334;40.6717000001023;14.7815499999543;663
3727372334;40.6717700001023;14.7813299999545;664
3727372334;40.6718600001024;14.7810099999548;665
3727372334;40.672120000103;14.7798399999557;666
3727372334;40.6722700001032;14.7792899999562;667
3727372334;40.6727200001034;14.7778199999577;668
3727372334;40.6731300001037;14.7762599999592;669
3727372334;40.6741900001038;14.7725899999632;670
3727372334;40.6743200001034;14.7724999999634;671
3727372334;40.6747500001021;14.7720699999642;672
3727372334;40.6748700001017;14.7719699999644;673
3727372334;40.6749100001015;14.7720699999643;674
3727372334;40.6749700001012;14.7721399999643;675
3727372334;40.6750900001007;14.7721399999644;676
3727372334;40.6751500001005;14.7720699999646;677
3727372334;40.6751900001005;14.7719499999647;678
3727372334;40.6751600001008;14.7717599999648;679
3727372334;40.6745500001037;14.7713699999645;680
3727372334;40.6748000001035;14.7706199999654;681
3727372334;40.6748800001035;14.7702899999658;682
3727372334;40.6750300001034;14.7697799999664;683
3727372334;40.6754300001031;14.7684799999679;684
3727372334;40.6759800001029;14.7663599999704;685
3727372334;40.6763000001026;14.7652399999718;686
3727372334;40.6771100000991;14.765599999972;687
3727372334;40.6774500000977;14.7657199999722;688
3727372334;40.6782000000946;14.7660399999724;689
3727372334;40.6781200000946;14.7663699999721;690
3727372334;40.6783200000932;14.7670499999716;691
3727372334;40.6786500000913;14.7678399999712;692
3727372334;40.6788000000904;14.768239999971;693
3727372334;40.6789000000897;14.7685799999708;694
3727372334;40.6791600000882;14.7691399999706;695
3727372334;40.6792300000876;14.7694899999704;696
3727372334;40.6794400000863;14.7700699999701;697
3727372334;40.6796100000856;14.7701599999702;698
3727372334;40.6798200000855;14.7694999999709;699
3727372334;40.6801000000859;14.7679999999722;700
3727372334;40.6802100000857;14.7677199999726;701
3727372334;40.680660000084;14.7678999999728;702
3727372334;40.6812600000816;14.768189999973;703
3727372334;40.6821000000781;14.7688499999732;704
3727372334;40.6833000000763;14.7663699999759;705
3727372334;40.6839100000753;14.7649999999774;706
3727372334;40.6840600000751;14.7646999999777;707
3727372334;40.6846300000738;14.7639699999787;708
3727372334;40.6850900000726;14.7635399999793;709
3727372334;40.6859800000702;14.7630599999802;710
3727372334;40.6861300000698;14.7629399999804;711
3727372334;40.6862000000696;14.7628499999805;712
3727372334;40.6869100000679;14.7621699999814;713
3727372334;40.687310000067;14.761719999982;714
3727372334;40.6874100000668;14.7614999999822;715
3727372334;40.6874400000668;14.7613399999824;716
3727372334;40.6874300000669;14.7611799999825;717
3727372334;40.6872900000675;14.7608699999827;718
3727372334;40.687160000068;14.7607699999827;719
3727372334;40.6870300000684;14.7607499999826;720
3727372334;40.6869200000688;14.7607599999826;721
3727372334;40.686830000069;14.7607899999825;722
3727372334;40.6867300000693;14.7608299999824;723
3727372334;40.6859600000713;14.7613299999816;724
3727372334;40.6856900000722;14.7613399999814;725
3727372334;40.6856400000722;14.7614699999813;726
3727372334;40.6856000000722;14.7616699999811;727
3727372334;40.6854700000725;14.7618199999809;728
3727372334;40.6852900000731;14.7618699999808;729
3727372334;40.685030000074;14.7617499999807;730
3727372334;40.6848200000748;14.7614799999808;731
3727372334;40.6847200000753;14.761179999981;732
3727372334;40.6849100000748;14.7610399999813;733
3727372334;40.6850000000746;14.7610099999813;734
3727372334;40.6852100000736;14.7614099999811;735
3727372334;40.6859100000707;14.7625099999806;736
3727372334;40.6860100000703;14.7626899999805;737
3727372334;40.6861300000698;14.7629399999804;738
3727372334;40.6864400000683;14.76369999998;739
3727372334;40.6866100000674;14.7641899999798;740
3727372334;40.6867200000666;14.7649499999793;741
3727372334;40.6867400000663;14.7652199999791;742
3727372334;40.6867100000661;14.7656499999788;743
3727372334;40.6866500000659;14.7661299999784;744
3727372334;40.6865600000658;14.766679999978;745
3727372334;40.6863400000655;14.7678799999771;746
3727372334;40.6862900000652;14.7683399999768;747
3727372334;40.6862800000648;14.7687999999765;748
3727372334;40.6864200000632;14.7701899999759;749
3727372334;40.6865300000625;14.7706499999757;750
3727372334;40.6866300000619;14.7709599999756;751
3727372334;40.6868600000607;14.7714699999756;752
3727372334;40.6869900000602;14.7716999999756;753
3727372334;40.6873100000588;14.7721399999757;754
3727372334;40.6878500000568;14.7726099999759;755
3727372334;40.6883700000551;14.7729299999763;756
3727372334;40.6892100000523;14.7734099999768;757
3727372334;40.689640000051;14.7735699999771;758
3727372334;40.68999000005;14.7736399999774;759
3727372334;40.6907900000479;14.7737199999781;760
3727372334;40.6913200000464;14.7738599999785;761
3727372334;40.6917200000452;14.7740899999788;762
3727372334;40.6919200000446;14.7742299999789;763
3727372334;40.6920700000441;14.774359999979;764
3727372334;40.6924500000428;14.7747699999793;765
3727372334;40.6927300000417;14.7752299999794;766
3727372334;40.6929600000406;14.7757899999795;767
3727372334;40.6936900000365;14.7781899999801;768
3727372334;40.6938500000354;14.7788199999802;769
3727372334;40.6941900000339;14.7795899999806;770
3727372334;40.6943300000333;14.7798599999808;771
3727372334;40.6945700000323;14.780259999981;772
3727372334;40.6950400000306;14.7809199999816;773
3727372334;40.695500000029;14.7814999999822;774
3727372334;40.6958300000277;14.7820299999826;775
3727372334;40.6960300000269;14.7823899999829;776
3727372334;40.6960200000268;14.782539999983;777
3727372334;40.6961500000262;14.7828499999832;778
3727372334;40.6962100000257;14.7831499999833;779
3727372334;40.6962200000255;14.7832999999834;780
3727372334;40.6962100000254;14.7834099999834;781
3727372334;40.6961800000253;14.7835099999834;782
3727372334;40.6960800000254;14.7836499999834;783
3727372334;40.6960100000255;14.7836899999833;784
3727372334;40.6958500000258;14.7837099999832;785
3727372334;40.695770000026;14.7836799999831;786
3727372334;40.6956200000264;14.7835299999829;787
3727372334;40.6955500000269;14.7832899999827;788
3727372334;40.6955300000271;14.7831399999826;789
3727372334;40.6955300000273;14.7829799999826;790
3727372334;40.6955700000276;14.7826499999825;791
3727372334;40.6956200000276;14.7824799999825;792
3727372334;40.6956800000277;14.7823199999826;793
3727372334;40.6958900000277;14.7819399999827;794
3727372334;40.6964600000274;14.781169999983;795
3727372334;40.6968100000272;14.7807499999833;796
3727372334;40.6975200000265;14.7800399999838;797
3727372334;40.6982000000257;14.7795399999843;798
3727372334;40.698730000025;14.7792399999847;799
3727372334;40.6990200000246;14.779119999985;800
3727372334;40.6996600000236;14.7789799999855;801
3727372334;40.7005400000222;14.7788399999862;802
3727372334;40.7010400000214;14.7787799999866;803
3727372334;40.7041100000167;14.778469999989;804
3727372334;40.7044800000162;14.7784499999893;805
3727372334;40.7048500000156;14.7784699999896;806
3727372334;40.7053100000149;14.77852999999;807
3727372334;40.7055500000145;14.7785899999902;808
3727372334;40.705850000014;14.7787199999904;809
3727372334;40.7061500000134;14.7788699999907;810
3727372334;40.7080500000101;14.7799499999926;811
3727372334;40.7083300000096;14.7800799999928;812
3727372334;40.7086000000092;14.7801799999931;813
3727372334;40.7089700000087;14.7802699999934;814
3727372334;40.7093400000083;14.7802899999937;815
3727372334;40.7100100000075;14.7802899999942;816
3727372334;40.7102900000072;14.7802599999944;817
3727372334;40.7107600000068;14.7801299999947;818
3727372334;40.712000000006;14.7795799999953;819
3727372334;40.7127600000054;14.7793099999957;820
3727372334;40.7130000000053;14.7792499999958;821
3727372334;40.7150300000037;14.7788799999969;822
3727372334;40.7157600000032;14.7787099999973;823
3727372334;40.7178200000019;14.7783899999984;824
3727372334;40.7198400000007;14.7780299999993;825
3727372334;40.7203800000005;14.7779199999996;826
3727372334;40.7206500000004;14.7778399999997;827
3727372334;40.7211200000002;14.7776399999998;828
3727372334;40.7214000000001;14.7774999999999;829
3727372334;40.72216;14.77703;830
3727372334;40.7237399999997;14.7761100000003;831
3727372334;40.7240399999996;14.7760000000004;832
3727372334;40.7243499999995;14.7759200000005;833
3727372334;40.7246599999994;14.7758500000006;834
3727372334;40.7254999999991;14.7757700000009;835
3727372334;40.7263799999987;14.7757200000013;836
3727372334;40.7294199999979;14.7754900000024;837
3727372334;40.7309699999975;14.7753900000029;838
3727372334;40.7315299999974;14.7753800000031;839
3727372334;40.7324399999972;14.7754500000035;840
3727372334;40.733229999997;14.7756100000038;841
3727372334;40.7339999999968;14.7758600000042;842
3727372334;40.7346299999967;14.7761400000046;843
3727372334;40.7352599999965;14.776460000005;844
3727372334;40.7359599999963;14.7769500000056;845
3727372334;40.7365099999961;14.7774100000061;846
3727372334;40.7370499999959;14.7779200000066;847
3727372334;40.7376199999957;14.7785400000073;848
3727372334;40.7396599999951;14.7808700000099;849
3727372334;40.7409499999948;14.7822800000116;850
3727372334;40.7411999999948;14.7825300000119;851
3727372334;40.7423599999947;14.7835100000132;852
3727372334;40.7432799999947;14.7841500000142;853
3727372334;40.7438999999948;14.7845100000147;854
3727372334;40.7445899999949;14.7848700000153;855
3727372334;40.745199999995;14.7851400000158;856
3727372334;40.7458499999951;14.7853800000162;857
3727372334;40.7465599999953;14.7856000000166;858
3727372334;40.7475799999956;14.7858600000172;859
3727372334;40.7480099999957;14.7859500000174;860
3727372334;40.7539499999979;14.7871400000197;861
3727372334;40.7549199999983;14.78735000002;862
3727372334;40.7569299999992;14.7877300000207;863
3727372334;40.7589000000001;14.7881500000213;864
3727372334;40.7612800000012;14.7886100000219;865
3727372334;40.7621800000016;14.788760000022;866
3727372334;40.762910000002;14.7888600000221;867
3727372334;40.7636100000024;14.7889200000221;868
3727372334;40.7646500000028;14.788900000022;869
3727372334;40.7660600000034;14.7887200000216;870
3727372334;40.7665500000036;14.7886200000214;871
3727372334;40.7668300000038;14.7885400000212;872
3727372334;40.7680000000042;14.7881200000204;873
3727372334;40.7685900000043;14.7878300000199;874
3727372334;40.7692500000045;14.7873700000192;875
3727372334;40.7700500000046;14.786570000018;876
3727372334;40.7704900000047;14.7859700000172;877
3727372334;40.7707700000046;14.7854800000165;878
3727372334;40.7711000000046;14.7848200000157;879
3727372334;40.7712800000045;14.784310000015;880
3727372334;40.7714700000044;14.7837100000143;881
3727372334;40.7716100000043;14.7831500000137;882
3727372334;40.7717500000042;14.7823700000128;883
3727372334;40.7720400000037;14.7798400000103;884
3727372334;40.7721500000036;14.7792600000098;885
3727372334;40.7726400000027;14.7747500000063;886
3727372334;40.7727200000026;14.7739900000058;887
3727372334;40.7727900000024;14.7731400000052;888
3727372334;40.7730100000021;14.7712200000041;889
3727372334;40.7731000000019;14.7702600000036;890
3727372334;40.7734800000014;14.7675000000024;891
3727372334;40.7737200000012;14.7660400000019;892
3727372334;40.7741900000008;14.7634000000011;893
3727372334;40.7743000000007;14.7626500000009;894
3727372334;40.7743800000006;14.7619500000007;895
3727372334;40.7744000000004;14.7609800000005;896
3727372334;40.7743500000003;14.7599700000003;897
3727372334;40.7742000000002;14.7588600000002;898
3727372334;40.7739900000001;14.7579100000001;899
3727372334;40.7737700000001;14.7572;900
3727372334;40.7713899999998;14.7510199999999;901
3727372334;40.7711099999998;14.7501399999999;902
3727372334;40.7708899999998;14.7492999999999;903
3727372334;40.7706899999997;14.7483599999999;904
3727372334;40.7705399999997;14.7473999999999;905
3727372334;40.7704599999997;14.7466199999999;906
3727372334;40.7704299999997;14.7455299999999;907
3727372334;40.7704599999997;14.7444999999999;908
3727372334;40.7705699999997;14.74324;909
3727372334;40.7711099999997;14.7386700000001;910
3727372334;40.7712999999997;14.7374500000001;911
3727372334;40.7713899999997;14.7370200000001;912
3727372334;40.7716799999997;14.7359400000002;913
3727372334;40.7720299999997;14.7348100000002;914
3727372334;40.7723599999997;14.7336000000002;915
3727372334;40.7725399999998;14.7324900000002;916
3727372334;40.7726199999998;14.7316100000001;917
3727372334;40.7726399999999;14.7306800000001;918
3727372334;40.77265;14.7286399999999;919
3727372334;40.7727100000002;14.7272999999998;920
3727372334;40.7726800000003;14.7258399999996;921
3727372334;40.7726600000003;14.7256599999996;922
3727372334;40.7726300000006;14.7234499999992;923
3727372334;40.7726200000012;14.718889999998;924
3727372334;40.7726000000013;14.7179899999977;925
3727372334;40.7724000000016;14.716439999997;926
3727372334;40.7721600000017;14.7154399999966;927
3727372334;40.7719100000018;14.7146299999962;928
3727372334;40.771450000002;14.7134599999955;929
3727372334;40.7702800000022;14.7113699999941;930
3727372334;40.7692200000023;14.7095499999928;931
3727372334;40.7681000000024;14.7076699999912;932
3727372334;40.7676200000024;14.7066899999904;933
3727372334;40.7674400000024;14.7061599999899;934
3727372334;40.7672900000025;14.7056099999894;935
3727372334;40.7671700000026;14.7046999999885;936
3727372334;40.7671100000026;14.704109999988;937
3727372334;40.7671100000027;14.7036099999875;938
3727372334;40.7671900000029;14.7025599999864;939
3727372334;40.7676800000035;14.6995799999831;940
3727372334;40.7677700000038;14.6983699999816;941
3727372334;40.7677800000039;14.6977399999808;942
3727372334;40.767740000004;14.6968499999796;943
3727372334;40.7676800000042;14.6959299999783;944
3727372334;40.7669400000057;14.6860899999608;945
3727372334;40.7669100000058;14.6853999999594;946
3727372334;40.766900000006;14.6846399999577;947
3727372334;40.7669200000062;14.6838299999559;948
3727372334;40.7669800000064;14.6829399999538;949
3727372334;40.7670600000067;14.682169999952;950
3727372334;40.767550000008;14.6781399999417;951
3727372334;40.7676600000083;14.6774599999398;952
3727372334;40.7678400000087;14.6766299999375;953
3727372334;40.7680700000092;14.675749999935;954
3727372334;40.7683300000096;14.6749499999327;955
3727372334;40.7686800000102;14.67402999993;956
3727372334;40.7698200000122;14.6715799999224;957
3727372334;40.770230000013;14.6705999999192;958
3727372334;40.770710000014;14.6692399999146;959
3727372334;40.7710300000148;14.6681299999107;960
3727372334;40.7712900000156;14.6669699999065;961
3727372334;40.772800000021;14.6596499998767;962
3727372334;40.7738500000257;14.6540499998501;963
3727372334;40.77472000003;14.649539999826;964
3727372334;40.7751600000326;14.6469199998108;965
3727372334;40.7754500000346;14.6449599997989;966
3727372334;40.7755400000354;14.6440499997932;967
3727372334;40.7756300000368;14.6424999997831;968
3727372334;40.7756300000374;14.6416699997776;969
3727372334;40.775520000039;14.639269999761;970
3727372334;40.7754900000398;14.6380799997524;971
3727372334;40.7755600000412;14.6365599997413;972
3727372334;40.7756800000423;14.6355899997341;973
3727372334;40.7758200000432;14.6348299997284;974
3727372334;40.7760200000443;14.6340499997225;975
3727372334;40.7762900000457;14.6331599997158;976
3727372334;40.7765200000469;14.6325599997112;977
3727372334;40.7768800000485;14.6317399997048;978
3727372334;40.7771600000497;14.6311799997005;979
3727372334;40.7775300000512;14.6305599996957;980
3727372334;40.7791300000582;14.6277699996733;981
3727372334;40.7800300000623;14.6262799996611;982
3727372334;40.7824000000738;14.6221599996255;983
3727372334;40.7833900000789;14.6205099996106;984
3727372334;40.7838400000811;14.6198399996046;985
3727372334;40.7845100000843;14.6190099995971;986
3727372334;40.7851300000871;14.618329999591;987
3727372334;40.7878100000991;14.6158899995695;988
3727372334;40.7887500001038;14.6148199995595;989
3727372334;40.7892900001068;14.6140399995519;990
3727372334;40.7897500001096;14.6132899995445;991
3727372334;40.7903300001133;14.6122799995343;992
3727372334;40.7908500001164;14.6114799995262;993
3727372334;40.79148000012;14.6106899995183;994
3727372334;40.7919300001224;14.6101899995133;995
3727372334;40.7923400001244;14.6098199995098;996
3727372334;40.7930100001276;14.6093299995053;997
3727372334;40.7938400001313;14.6088499995013;998
3727372334;40.7945600001343;14.6085299994989;999
3727372334;40.7961700001408;14.6079199994948;1000
3727372334;40.7977000001472;14.6072699994903;1001
3727372334;40.7986100001513;14.6067699994862;1002
3727372334;40.7994700001553;14.6062299994816;1003
3727372334;40.8006000001611;14.6053499994734;1004
3727372334;40.8015400001666;14.6043799994637;1005
3727372334;40.8050100001882;14.6005899994241;1006
3727372334;40.8127000002411;14.5920799993292;1007
3727372334;40.8131500002447;14.5915199993225;1008
3727372334;40.8141700002533;14.5901099993051;1009
3727372334;40.8150800002614;14.5887799992882;1010
3727372334;40.8156200002665;14.5879499992774;1011
3727372334;40.8166200002763;14.586339999256;1012
3727372334;40.8183400002935;14.5836299992193;1013
3727372334;40.8194300003049;14.5818499991943;1014
3727372334;40.8213300003252;14.5788299991511;1015
3727372334;40.8218100003307;14.5780299991393;1016
3727372334;40.82524000037;14.5725299990558;1017
3727372334;40.8260800003803;14.5711399990338;1018
3727372334;40.8270800003924;14.5695599990086;1019
3727372334;40.8300700004306;14.5647199989284;1020
3727372334;40.8312000004453;14.5629599988984;1021
3727372334;40.8321600004572;14.5615999988753;1022
3727372334;40.8329700004667;14.5605599988579;1023
3727372334;40.8340100004785;14.5593199988373;1024
3727372334;40.8383900005287;14.5542999987525;1025
3727372334;40.8398800005461;14.5526299987238;1026
3727372334;40.8433900005889;14.548629998653;1027
3727372334;40.8443400006006;14.547569998634;1028
3727372334;40.8450800006094;14.5467999986204;1029
3727372334;40.8458800006186;14.5460199986069;1030
3727372334;40.8465800006263;14.5453899985963;1031
3727372334;40.8472700006335;14.5448199985871;1032
3727372334;40.8484600006456;14.5438899985725;1033
3727372334;40.8494400006547;14.5432399985633;1034
3727372334;40.8505500006645;14.5425699985546;1035
3727372334;40.8512200006702;14.5421999985502;1036
3727372334;40.8523400006791;14.5416399985444;1037
3727372334;40.8531600006852;14.5412799985415;1038
3727372334;40.8538100006898;14.5410199985398;1039
3727372334;40.8589800007239;14.5391699985332;1040
3727372334;40.8668700007739;14.5363099985259;1041
3727372334;40.8695200007898;14.5353599985247;1042
3727372334;40.8702100007934;14.5351599985258;1043
3727372334;40.8717300008001;14.5348199985309;1044
3727372334;40.872750000804;14.5346399985357;1045
3727372334;40.8736300008068;14.5345299985411;1046
3727372334;40.8746100008093;14.5344499985483;1047
3727372334;40.8764000008133;14.5343399985626;1048
3727372334;40.8787100008172;14.5342499985829;1049
3727372334;40.881440000822;14.534049998605;1050
3727372334;40.8964200008273;14.5331599987432;1051
3727372334;40.8988400008288;14.5327299987601;1052
3727372334;40.89975000083;14.5325099987651;1053
3727372334;40.9065500008446;14.5301999987878;1054
3727372334;40.9084500008486;14.5294999987934;1055
3727372334;40.9099800008553;14.5286799987916;1056
3727372334;40.9115600008671;14.5274899987808;1057
3727372334;40.9127200008796;14.5263599987662;1058
3727372334;40.9132000008863;14.5257899987573;1059
3727372334;40.9138800008969;14.5249099987428;1060
3727372334;40.9141600009019;14.5245099987358;1061
3727372334;40.914700000912;14.5237099987214;1062
3727372334;40.9153600009284;14.5224699986964;1063
3727372334;40.9160700009498;14.5209099986629;1064
3727372334;40.916360000961;14.5201199986448;1065
3727372334;40.9172800010023;14.5172899985769;1066
3727372334;40.918420001061;14.5133899984783;1067
3727372334;40.919270001103;14.5106599984076;1068
3727372334;40.9196500011191;14.509619998381;1069
3727372334;40.9203300011442;14.50798999834;1070
3727372334;40.9209600011627;14.5067799983111;1071
3727372334;40.921090001167;14.5064999983041;1072
3727372334;40.9212300011707;14.5062599982985;1073
3727372334;40.921820001185;14.5053099982769;1074
3727372334;40.9226600012024;14.5041499982521;1075
3727372334;40.9228100012054;14.5039499982479;1076
3727372334;40.923160001211;14.5035599982405;1077
3727372334;40.9232400012115;14.5035199982405;1078
3727372334;40.923560001217;14.503139998233;1079
3727372334;40.9239000012216;14.5028199982277;1080
3727372334;40.9244900012282;14.5023299982208;1081
3727372334;40.9248300012311;14.5020999982185;1082
3727372334;40.9254800012352;14.5017399982168;1083
3727372334;40.9264300012423;14.5011499982123;1084
3727372334;40.9265700012438;14.5010399982109;1085
3727372334;40.9268100012481;14.500749998205;1086
3727372334;40.9269400012513;14.5005499982004;1087
3727372334;40.9270600012572;14.5001999981906;1088
3727372334;40.9273200012735;14.4992499981627;1089
3727372334;40.9274800012861;14.4985299981408;1090
3727372334;40.9279800013227;14.4964499980773;1091
3727372334;40.9280400013291;14.4960899980657;1092
3727372334;40.928030001336;14.4957199980526;1093
3727372334;40.9280100013396;14.4955299980456;1094
3727372334;40.9279700013427;14.4953699980394;1095
3727372334;40.927900001346;14.4952099980326;1096
3727372334;40.9278000013491;14.4950599980256;1097
3727372334;40.9273400013616;14.4944699979972;1098
3727372334;40.9271600013673;14.4941899979842;1099
3727372334;40.9270300013702;14.4940599979775;1100
3727372334;40.9265800013816;14.4935199979507;1101
3727372334;40.9262800013902;14.4930999979307;1102
3727372334;40.9261600013939;14.4929199979222;1103
3727372334;40.9257200014094;14.4921499978871;1104
3727372334;40.9255400014169;14.4917699978703;1105
3727372334;40.9255000014176;14.4917399978685;1106
3727372334;40.9249300014398;14.4906199978179;1107
3727372334;40.9242100014687;14.4891499977513;1108
3727372334;40.9210600015942;14.4826599974479;1109
3727372334;40.9205200016163;14.4814999973924;1110
3727372334;40.9200600016367;14.4804199973409;1111
3727372334;40.919270001673;14.4784899972483;1112
3727372334;40.9180900017276;14.4755699971058;1113
3727372334;40.9178000017419;14.474799997068;1114
3727372334;40.9176500017474;14.4744999970526;1115
3727372334;40.9175900017508;14.4743199970438;1116
3727372334;40.9171100017721;14.4731699969859;1117
3727372334;40.9162500018067;14.4712799968885;1118
3727372334;40.9160100018177;14.4706799968578;1119
3727372334;40.9154900018443;14.4692299967841;1120
3727372334;40.9151500018603;14.4683499967386;1121
3727372334;40.9149300018696;14.4678399967116;1122
3727372334;40.9138000019198;14.4650599965642;1123
3727372334;40.9117200020115;14.459909996283;1124
3727372334;40.9114600020234;14.4592399962458;1125
3727372334;40.9111000020419;14.4581999961885;1126
3727372334;40.9107800020607;14.4571499961309;1127
3727372334;40.9105900020736;14.4564399960921;1128
3727372334;40.9104300020862;14.4557499960547;1129
3727372334;40.9101600021103;14.4544399959837;1130
3727372334;40.9100600021216;14.4538299959508;1131
3727372334;40.9099400021379;14.4529599959041;1132
3727372334;40.9094300022146;14.4488999956828;1133
3727372334;40.909260002243;14.4474099956003;1134
3727372334;40.9083700023807;14.4402099951872;1135
3727372334;40.9081800024125;14.4385599950898;1136
3727372334;40.9080300024342;14.4374299950221;1137
3727372334;40.9078600024629;14.435949994933;1138
3727372334;40.9067700026337;14.4271799943847;1139
3727372334;40.9061300027388;14.4218499940356;1140
3727372334;40.9056100028196;14.4177599937587;1141
3727372334;40.9053800028604;14.4157199936183;1142
3727372334;40.9052600028768;14.4148899935602;1143
3727372334;40.9048200029511;14.4111799932983;1144
3727372334;40.9046700029711;14.4101699932254;1145
3727372334;40.9045600029831;14.40954999318;1146
3727372334;40.9042800030079;14.4082399930827;1147
3727372334;40.9039700030294;14.4070699929939;1148
3727372334;40.9036300030512;14.4058599929011;1149
3727372334;40.9031300030792;14.404269992777;1150
3727372334;40.9027400031039;14.4028899926692;1151
3727372334;40.902350003126;14.4016299925693;1152
3727372334;40.9022300031346;14.4011599925324;1153
3727372334;40.9020900031416;14.4007499924994;1154
3727372334;40.9006100032286;14.395779992097;1155
3727372334;40.9005100032367;14.3953399920614;1156
3727372334;40.9004400032457;14.3948799920247;1157
3727372334;40.900410003252;14.3945699920003;1158
3727372334;40.9003800032625;14.3940699919612;1159
3727372334;40.900370003279;14.3933099919022;1160
3727372334;40.9003900032874;14.3929399918739;1161
3727372334;40.9004300032971;14.3925299918428;1162
3727372334;40.9005000033087;14.3920499918067;1163
3727372334;40.9006200033227;14.3914999917661;1164
3727372334;40.9007200033326;14.3911199917382;1165
3727372334;40.9008800033464;14.3906099917013;1166
3727372334;40.902410003473;14.386049991368;1167
3727372334;40.9026700034963;14.3852099913052;1168
3727372334;40.9027700035066;14.3848299912763;1169
3727372334;40.9029700035382;14.3835899911791;1170
3727372334;40.9030400035605;14.3826699911049;1171
3727372334;40.9030400035783;14.3818999910413;1172
3727372334;40.9030200035869;14.3815099910086;1173
3727372334;40.9029300036071;14.3805699909285;1174
3727372334;40.9016700038302;14.3700599899978;1175
3727372334;40.90159000385;14.3691599899162;1176
3727372334;40.9015700038626;14.3686099898666;1177
3727372334;40.9015700038754;14.3680699898183;1178
3727372334;40.9016000038916;14.3674099897596;1179
3727372334;40.9017000039178;14.3663899896697;1180
3727372334;40.9018000039357;14.3657199896111;1181
3727372334;40.9019200039524;14.365119989559;1182
3727372334;40.9020800039716;14.3644499895013;1183
3727372334;40.9023500039988;14.3635399894236;1184
3727372334;40.9026800040261;14.3626799893515;1185
3727372334;40.9041600041433;14.3590999890502;1186
3727372334;40.9043700041634;14.3584599889945;1187
3727372334;40.9045900041877;14.3576599889237;1188
3727372334;40.9047300042057;14.3570499888689;1189
3727372334;40.9048600042261;14.3563399888042;1190
3727372334;40.9049300042396;14.3558599887599;1191
3727372334;40.9049900042556;14.3552699887046;1192
3727372334;40.90502000427;14.3547199886524;1193
3727372334;40.9050400042913;14.3538899885728;1194
3727372334;40.9049400043457;14.3516499883526;1195
3727372334;40.9048500043767;14.3503499882229;1196
3727372334;40.9048400043979;14.3495099881397;1197
3727372334;40.9047000044695;14.3465799878441;1198
3727372334;40.9047000044882;14.3458499877705;1199
3727372334;40.9047600045124;14.3449599876819;1200
3727372334;40.9048300045309;14.3442999876164;1201
3727372334;40.9050200045649;14.3431499875034;1202
3727372334;40.9051400045811;14.3426299874529;1203
3727372334;40.907510004885;14.3332399865219;1204
3727372334;40.9079300049301;14.3319499863928;1205
3727372334;40.9088300050112;14.3297799861786;1206
3727372334;40.9091000050376;14.3290599861063;1207
3727372334;40.9092900050611;14.3283799860362;1208
3727372334;40.9093700050741;14.3279799859941;1209
3727372334;40.909470005097;14.3272399859147;1210
3727372334;40.90949000512;14.3264299858253;1211
3727372334;40.9094500051395;14.3256899857419;1212
3727372334;40.9094600051531;14.3252099856884;1213
3727372334;40.9096000052114;14.3232499854715;1214
3727372334;40.9097800052781;14.321039985225;1215
3727372334;40.909900005317;14.3197699850825;1216
3727372334;40.9099200053297;14.3193399850335;1217
3727372334;40.9099100053351;14.3191399850102;1218
3727372334;40.9098700053405;14.3189099849827;1219
3727372334;40.9097500053461;14.3185999849438;1220
3727372334;40.9096500053475;14.3184599849251;1221
3727372334;40.9095300053474;14.3183499849094;1222
3727372334;40.9094000053462;14.3182699848968;1223
3727372334;40.9092500053436;14.3182199848872;1224
3727372334;40.9091100053404;14.3181999848814;1225
3727372334;40.9089500053356;14.3182199848797;1226
3727372334;40.9088000053302;14.3182699848817;1227
3727372334;40.9086600053242;14.3183499848874;1228
3727372334;40.9084900053154;14.3184999849005;1229
3727372334;40.9077600052715;14.3193699849828;1230
3727372334;40.9076200052642;14.3194999849943;1231
3727372334;40.9073100052498;14.3197199850119;1232
3727372334;40.9069800052373;14.3198499850187;1233
3727372334;40.9067500052301;14.3198899850176;1234
3727372334;40.9064400052215;14.3198999850111;1235
3727372334;40.9059200052089;14.3198499849925;1236
3727372334;40.9047500051821;14.3196699849431;1237
3727372334;40.904420005174;14.3196399849316;1238
3727372334;40.9042000051669;14.3196799849308;1239
3727372334;40.894910004943;14.3182299845435;1240
3727372334;40.8945600049372;14.3180599845157;1241
3727372334;40.8939400049228;14.3179099844841;1242
3727372334;40.893010004902;14.3176499844326;1243
3727372334;40.8926900048963;14.3174999844078;1244
3727372334;40.8924400048932;14.3173299843823;1245
3727372334;40.8922300048925;14.3171099843517;1246
3727372334;40.8920300048933;14.3168399843155;1247
3727372334;40.8918500048964;14.3164999842714;1248
3727372334;40.8916900049014;14.3161099842219;1249
3727372334;40.8914800049096;14.3155299841486;1250
3727372334;40.8912900049186;14.3149399840744;1251
3727372334;40.8911900049248;14.3145699840282;1252
3727372334;40.8910400049373;14.3138899839438;1253
3727372334;40.8908800049607;14.312759983805;1254
3727372334;40.890780004991;14.3114299836426;1255
3727372334;40.8907200050027;14.310889983576;1256
3727372334;40.8905000050212;14.3098799834484;1257
3727372334;40.8902800050339;14.3090999833484;1258
3727372334;40.8899600050449;14.3082599832384;1259
3727372334;40.8897300050498;14.307769983173;1260
3727372334;40.8895200050532;14.3073699831191;1261
3727372334;40.8892300050564;14.3068699830509;1262
3727372334;40.882950005094;14.2968099816378;1263
3727372334;40.8823100050967;14.2957699814886;1264
3727372334;40.8817300051004;14.2947699813452;1265
3727372334;40.8813500051011;14.2941799812595;1266
3727372334;40.8806900051003;14.2932299811201;1267
3727372334;40.8803600050984;14.2928099810574;1268
3727372334;40.8799900050953;14.2923799809925;1269
3727372334;40.8797100050923;14.2920799809467;1270
3727372334;40.8792800050864;14.291669980883;1271
3727372334;40.8776000050569;14.2902999806642;1272
3727372334;40.8768500050429;14.2897099805692;1273
3727372334;40.87656000504;14.2893699805173;1274
3727372334;40.8753800050156;14.2885099803766;1275
3727372334;40.874950005006;14.2882199803283;1276
3727372334;40.8746000050015;14.2878399802696;1277
3727372334;40.8744400050001;14.2876399802391;1278
3727372334;40.8739800050019;14.2867999801154;1279
3727372334;40.873810005005;14.2863799800546;1280
3727372334;40.8737400050086;14.2861099800163;1281
3727372334;40.8738200050142;14.2859999800029;1282
3727372334;40.8743700050445;14.285609979961;1283
3727372334;40.8753900051099;14.2844999798302;1284
3727372334;40.8757000051289;14.2841999797955;1285
3727372334;40.8758800051378;14.2841199797883;1286
3727372334;40.8760500051479;14.2839699797712;1287
3727372334;40.8763500051671;14.2836499797335;1288
3727372334;40.8766600051858;14.2833699797015;1289
3727372334;40.8769700052023;14.2831799796819;1290
3727372334;40.87718000521;14.2831999796891;1291
3727372334;40.8773300052139;14.2832799797034;1292
3727372334;40.8775100052218;14.2832399797018;1293
3727372334;40.8777000052246;14.2834299797321;1294
3727372334;40.8777700052285;14.2833799797267;1295
3727372334;40.8778800052366;14.283219979707;1296
3727372334;40.8779500052434;14.283049979685;1297
3727372334;40.8779900052517;14.2827699796472;1298
3727372334;40.8780000052586;14.28249997961;1299
3727372334;40.8779500052593;14.2823899795936;1300
3727372334;40.877640005248;14.2823599795827;1301
3727372334;40.8773800052376;14.2823699795785;1302
3727372334;40.8771900052269;14.2825099795938;1303
3727372334;40.8770927122703;14.2826159616199;1304