shape_id;shape_pt_lat;shape_pt_lon;shape_pt_sequence
3639139247;40.2163012588468;15.036690419579;1
3639139247;40.2166400000402;15.0367899999787;2
3639139247;40.2170500000391;15.0369399999791;3
3639139247;40.2173100000384;15.0370699999793;4
3639139247;40.2174000000382;15.0370699999794;5
3639139247;40.2176000000377;15.0371099999796;6
3639139247;40.2177600000372;15.0371699999798;7
3639139247;40.2179300000367;15.0373199999799;8
3639139247;40.2183800000351;15.0379199999803;9
3639139247;40.2184900000347;15.0380199999804;10
3639139247;40.2186700000342;15.0381099999806;11
3639139247;40.2189400000334;15.0382999999809;12
3639139247;40.2192700000324;15.0385899999812;13
3639139247;40.2193300000322;15.0386599999812;14
3639139247;40.2196500000314;15.0388099999816;15
3639139247;40.219820000031;15.0388299999817;16
3639139247;40.2199000000308;15.0388899999818;17
3639139247;40.2201000000301;15.039159999982;18
3639139247;40.2203600000293;15.0394099999823;19
3639139247;40.2205800000285;15.0398099999826;20
3639139247;40.2207600000279;15.0400099999828;21
3639139247;40.2208600000275;15.0401699999829;22
3639139247;40.2209400000272;15.040369999983;23
3639139247;40.2209900000268;15.0406399999831;24
3639139247;40.2210700000263;15.0408999999832;25
3639139247;40.2212800000255;15.0412899999835;26
3639139247;40.2213000000254;15.0413599999836;27
3639139247;40.2213100000252;15.0415899999837;28
3639139247;40.2213000000241;15.0426299999839;29
3639139247;40.2213300000239;15.042689999984;30
3639139247;40.2216100000232;15.0428699999843;31
3639139247;40.2219500000226;15.0428499999847;32
3639139247;40.2221200000224;15.0427799999848;33
3639139247;40.2223100000221;15.042669999985;34
3639139247;40.222390000022;15.0426699999851;35
3639139247;40.2229500000207;15.0429099999857;36
3639139247;40.22330000002;15.0430199999861;37
3639139247;40.2234800000195;15.0431299999863;38
3639139247;40.2238300000186;15.0434599999868;39
3639139247;40.2240100000182;15.043509999987;40
3639139247;40.224150000018;15.0434999999871;41
3639139247;40.2242600000177;15.0435399999873;42
3639139247;40.2244600000171;15.0438399999876;43
3639139247;40.2245600000167;15.0440599999878;44
3639139247;40.2248300000158;15.0444299999883;45
3639139247;40.2255800000137;15.0452799999895;46
3639139247;40.2256900000134;15.0454499999897;47
3639139247;40.2257500000131;15.0456199999898;48
3639139247;40.2258000000128;15.04581999999;49
3639139247;40.2257600000121;15.0465099999904;50
3639139247;40.2256100000119;15.0469399999905;51
3639139247;40.2254288880969;15.0472230444715;52
3639139247;40.2254400000119;15.0472099999905;53
3639139247;40.2254800000117;15.0472399999906;54
3639139247;40.2256700000116;15.0470699999907;55
3639139247;40.2260100000115;15.0467199999908;56
3639139247;40.2260800000115;15.0466199999908;57
3639139247;40.2261200000116;15.0464999999908;58
3639139247;40.2262500000123;15.0456699999904;59
3639139247;40.2262900000126;15.0452899999902;60
3639139247;40.226300000013;15.04497999999;61
3639139247;40.2262000000131;15.0449499999899;62
3639139247;40.2259300000139;15.0446199999895;63
3639139247;40.2258600000142;15.0444799999893;64
3639139247;40.2256500000147;15.044309999989;65
3639139247;40.2254600000151;15.0442099999888;66
3639139247;40.2252800000155;15.0440699999885;67
3639139247;40.2251200000158;15.0439899999883;68
3639139247;40.2249200000162;15.0439399999881;69
3639139247;40.2248400000165;15.043839999988;70
3639139247;40.2249200000163;15.0438499999881;71
3639139247;40.2255200000152;15.0440299999887;72
3639139247;40.2257600000147;15.044079999989;73
3639139247;40.2262500000137;15.0443299999896;74
3639139247;40.2263500000136;15.0443299999897;75
3639139247;40.2266100000133;15.0441899999899;76
3639139247;40.2270500000128;15.0440599999902;77
3639139247;40.2274500000122;15.0439899999906;78
3639139247;40.2275600000121;15.0439299999907;79
3639139247;40.2276809779317;15.0437896986009;80
3639139247;40.2275600000121;15.0439299999907;81
3639139247;40.2274500000122;15.0439899999906;82
3639139247;40.2270500000128;15.0440599999902;83
3639139247;40.2266100000133;15.0441899999899;84
3639139247;40.2263500000136;15.0443299999897;85
3639139247;40.2262500000137;15.0443299999896;86
3639139247;40.2257600000147;15.044079999989;87
3639139247;40.2255200000152;15.0440299999887;88
3639139247;40.2249200000163;15.0438499999881;89
3639139247;40.2248400000165;15.043839999988;90
3639139247;40.2249200000162;15.0439399999881;91
3639139247;40.2251200000158;15.0439899999883;92
3639139247;40.2252800000155;15.0440699999885;93
3639139247;40.2254600000151;15.0442099999888;94
3639139247;40.2256500000147;15.044309999989;95
3639139247;40.2258600000142;15.0444799999893;96
3639139247;40.2259300000139;15.0446199999895;97
3639139247;40.2262000000131;15.0449499999899;98
3639139247;40.226300000013;15.04497999999;99
3639139247;40.2264200000128;15.0449599999901;100
3639139247;40.2271700000116;15.0450099999909;101
3639139247;40.2275700000111;15.0449799999913;102
3639139247;40.2278000000108;15.0449299999915;103
3639139247;40.2279400000107;15.0448499999915;104
3639139247;40.2281600000106;15.0446699999916;105
3639139247;40.2285700000104;15.0442899999918;106
3639139247;40.2287700000103;15.0440499999919;107
3639139247;40.2289000000104;15.0437599999918;108
3639139247;40.2289600000104;15.0436699999918;109
3639139247;40.2292200000106;15.0430899999917;110
3639139247;40.2292700000106;15.0430299999917;111
3639139247;40.2293200000106;15.0429999999918;112
3639139247;40.2300600000095;15.0430599999925;113
3639139247;40.2306800000086;15.0432399999931;114
3639139247;40.2308800000083;15.0432799999933;115
3639139247;40.2314300000076;15.0432999999938;116
3639139247;40.2319000000071;15.0432199999941;117
3639139247;40.2324100000067;15.0429899999944;118
3639139247;40.2325000000067;15.0429699999945;119
3639139247;40.2328600000062;15.0430699999949;120
3639139247;40.2331200000059;15.0430399999951;121
3639139247;40.2333700000057;15.0429499999952;122
3639139247;40.2335700000056;15.0428299999953;123
3639139247;40.2338000000055;15.0426499999954;124
3639139247;40.2339500000054;15.0425599999954;125
3639139247;40.2340200000054;15.0425399999955;126
3639139247;40.2342600000051;15.0425399999957;127
3639139247;40.2345800000048;15.0424899999959;128
3639139247;40.2352500000042;15.0423499999963;129
3639139247;40.2353400000041;15.0423699999964;130
3639139247;40.2355300000038;15.0424999999967;131
3639139247;40.2356100000038;15.0425199999967;132
3639139247;40.2359900000034;15.042489999997;133
3639139247;40.2361000000033;15.0425099999971;134
3639139247;40.2362000000031;15.0425899999972;135
3639139247;40.2364000000027;15.0429299999976;136
3639139247;40.2364800000025;15.0430299999977;137
3639139247;40.236820000002;15.0432699999982;138
3639139247;40.2369300000018;15.0433899999983;139
3639139247;40.2370700000015;15.0436199999986;140
3639139247;40.2371800000012;15.0438599999989;141
3639139247;40.2372700000009;15.0441299999991;142
3639139247;40.2373100000007;15.0443399999993;143
3639139247;40.2374800000002;15.0447499999998;144
3639139247;40.2383999999986;15.0458100000014;145
3639139247;40.2390699999976;15.0464900000025;146
3639139247;40.2391599999975;15.0465300000026;147
3639139247;40.239879999997;15.0465200000032;148
3639139247;40.2400699999969;15.0465500000033;149
3639139247;40.2401399999968;15.0466000000034;150
3639139247;40.2402599999966;15.0467400000037;151
3639139247;40.2403799999963;15.046950000004;152
3639139247;40.2404099999962;15.0471000000041;153
3639139247;40.240389999996;15.0473400000044;154
3639139247;40.2404599999955;15.047960000005;155
3639139247;40.2404499999951;15.0484200000055;156
3639139247;40.2406399999946;15.0488300000061;157
3639139247;40.240969999994;15.0493000000069;158
3639139247;40.2411199999939;15.0494300000072;159
3639139247;40.2412399999937;15.0494700000073;160
3639139247;40.2413299999937;15.0494500000074;161
3639139247;40.2417799999938;15.0491300000073;162
3639139247;40.2421199999939;15.0488000000072;163
3639139247;40.2424599999941;15.048320000007;164
3639139247;40.2425599999941;15.048260000007;165
3639139247;40.242659999994;15.0482700000071;166
3639139247;40.2428199999938;15.0484200000073;167
3639139247;40.2429899999936;15.0485500000076;168
3639139247;40.2432099999935;15.0486600000079;169
3639139247;40.2433999999934;15.0486900000081;170
3639139247;40.2434799999933;15.0486800000081;171
3639139247;40.2435799999933;15.0486300000081;172
3639139247;40.2436199999934;15.0485700000081;173
3639139247;40.2436999999938;15.0479800000075;174
3639139247;40.2437199999941;15.0475900000071;175
3639139247;40.2437099999946;15.0468700000063;176
3639139247;40.2436899999949;15.046530000006;177
3639139247;40.243789999995;15.0463100000058;178
3639139247;40.243859999995;15.0462700000058;179
3639139247;40.243929999995;15.0462600000059;180
3639139247;40.2441499999948;15.0464100000062;181
3639139247;40.2443099999947;15.0463500000062;182
3639139247;40.2443899999948;15.0462300000062;183
3639139247;40.2445099999949;15.045980000006;184
3639139247;40.2445599999951;15.0457000000058;185
3639139247;40.2446499999955;15.0450100000052;186
3639139247;40.2447499999958;15.0445400000048;187
3639139247;40.2448199999959;15.0443800000047;188
3639139247;40.244949999996;15.0442000000046;189
3639139247;40.245109999996;15.0440700000046;190
3639139247;40.245219999996;15.0440200000046;191
3639139247;40.2453799999959;15.0439900000047;192
3639139247;40.2456099999959;15.0439000000048;193
3639139247;40.2458399999959;15.0437800000048;194
3639139247;40.2460899999959;15.0436100000048;195
3639139247;40.2463499999958;15.0434800000049;196
3639139247;40.2465499999959;15.0432700000048;197
3639139247;40.2466199999959;15.0432300000048;198
3639139247;40.2468599999958;15.0431900000049;199
3639139247;40.2468999999958;15.0431500000049;200
3639139247;40.2469299999959;15.0430000000048;201
3639139247;40.2468199999961;15.0427300000045;202
3639139247;40.2468099999962;15.0426100000044;203
3639139247;40.2468299999963;15.0424900000043;204
3639139247;40.2468199999963;15.0424200000042;205
3639139247;40.2467699999964;15.0423600000042;206
3639139247;40.2465899999965;15.042230000004;207
3639139247;40.2465199999966;15.0421500000039;208
3639139247;40.2464199999968;15.0418800000036;209
3639139247;40.2463599999969;15.0418200000035;210
3639139247;40.246179999997;15.0417300000033;211
3639139247;40.2459999999972;15.0415600000031;212
3639139247;40.2459499999973;15.041480000003;213
3639139247;40.2459299999973;15.0413800000029;214
3639139247;40.2459299999974;15.0412400000028;215
3639139247;40.2459499999975;15.0410400000027;216
3639139247;40.2460099999977;15.0407300000025;217
3639139247;40.2459899999978;15.0406300000024;218
3639139247;40.245879999998;15.0404200000022;219
3639139247;40.245809999998;15.0403200000021;220
3639139247;40.2456099999982;15.0402300000019;221
3639139247;40.2455699999982;15.0402000000019;222
3639139247;40.2455499999983;15.0401500000018;223
3639139247;40.2455499999983;15.0400600000018;224
3639139247;40.2455799999984;15.0399300000017;225
3639139247;40.2456499999985;15.0397200000016;226
3639139247;40.2456699999986;15.0395100000015;227
3639139247;40.2456499999987;15.0393400000013;228
3639139247;40.2456099999988;15.0391700000012;229
3639139247;40.2456399999991;15.0387200000009;230
3639139247;40.2455999999992;15.0385900000008;231
3639139247;40.2454699999994;15.0382900000006;232
3639139247;40.2450999999999;15.0377600000001;233
3639139247;40.2448700000003;15.0373499999997;234
3639139247;40.2447100000006;15.0368799999994;235
3639139247;40.2446400000007;15.0367699999993;236
3639139247;40.2445400000009;15.0366699999992;237
3639139247;40.2443400000011;15.036539999999;238
3639139247;40.2442900000011;15.036479999999;239
3639139247;40.2442800000012;15.0363399999989;240
3639139247;40.2443200000012;15.0362599999989;241
3639139247;40.2442700000013;15.0361499999988;242
3639139247;40.2442000000015;15.0358899999987;243
3639139247;40.2440600000017;15.0357099999985;244
3639139247;40.243780000002;15.0353999999982;245
3639139247;40.2436700000022;15.0352899999981;246
3639139247;40.2434800000024;15.035159999998;247
3639139247;40.2434100000025;15.0350699999979;248
3639139247;40.2433300000027;15.0347799999977;249
3639139247;40.2432600000028;15.0346499999976;250
3639139247;40.2431300000029;15.0345699999975;251
3639139247;40.2429700000031;15.0345199999974;252
3639139247;40.2425100000034;15.0344399999972;253
3639139247;40.241930000004;15.0342899999968;254
3639139247;40.2416500000042;15.0341799999966;255
3639139247;40.2415300000044;15.0340899999965;256
3639139247;40.2407400000058;15.0326399999957;257
3639139247;40.2402300000067;15.0319099999952;258
3639139247;40.2401300000068;15.0318299999952;259
3639139247;40.2387700000083;15.0313099999944;260
3639139247;40.2387000000084;15.0312399999943;261
3639139247;40.2385300000088;15.0308499999942;262
3639139247;40.238410000009;15.0306699999941;263
3639139247;40.2377800000101;15.0299599999937;264
3639139247;40.2377200000102;15.0298499999936;265
3639139247;40.2377100000103;15.0296999999936;266
3639139247;40.2377300000103;15.0295799999936;267
3639139247;40.2377900000103;15.0294799999936;268
3639139247;40.2386200000098;15.028749999994;269
3639139247;40.2391600000094;15.0284499999942;270
3639139247;40.2393300000093;15.0284199999943;271
3639139247;40.2394400000092;15.0284399999943;272
3639139247;40.239590000009;15.0285299999944;273
3639139247;40.2397000000088;15.0286399999945;274
3639139247;40.2397300000087;15.0287399999945;275
3639139247;40.2397500000086;15.0288999999945;276
3639139247;40.2397500000085;15.0291299999945;277
3639139247;40.2398100000084;15.0293199999946;278
3639139247;40.2399300000082;15.0294999999947;279
3639139247;40.240070000008;15.0296099999947;280
3639139247;40.2403500000077;15.0297499999949;281
3639139247;40.2404900000075;15.029779999995;282
3639139247;40.2405900000075;15.029779999995;283
3639139247;40.2408600000073;15.0296799999951;284
3639139247;40.2409700000072;15.0296999999952;285
3639139247;40.241090000007;15.0297899999953;286
3639139247;40.2414500000065;15.0301899999955;287
3639139247;40.2415500000064;15.0302499999955;288
3639139247;40.2416700000063;15.0302699999956;289
3639139247;40.2418800000061;15.0302399999957;290
3639139247;40.2421100000059;15.0302599999958;291
3639139247;40.2423400000057;15.0303199999959;292
3639139247;40.2425500000055;15.030449999996;293
3639139247;40.2427800000052;15.0306899999962;294
3639139247;40.2430000000048;15.0310799999964;295
3639139247;40.2432200000045;15.0313999999966;296
3639139247;40.2433100000044;15.0315599999967;297
3639139247;40.2433700000042;15.0317699999967;298
3639139247;40.2434200000041;15.0320299999968;299
3639139247;40.243450000004;15.0320699999969;300
3639139247;40.2435600000039;15.0320599999969;301
3639139247;40.2436400000039;15.0319599999969;302
3639139247;40.243660000004;15.0318799999969;303
3639139247;40.2436600000041;15.0316399999968;304
3639139247;40.2436000000043;15.0312799999967;305
3639139247;40.2435500000044;15.0311299999967;306
3639139247;40.2434500000046;15.0309099999966;307
3639139247;40.2433300000048;15.0307299999965;308
3639139247;40.2432900000049;15.0305699999964;309
3639139247;40.243260000005;15.0303599999963;310
3639139247;40.2433100000051;15.0301099999963;311
3639139247;40.2425300000057;15.0299499999959;312
3639139247;40.2421100000062;15.0297399999957;313
3639139247;40.2419800000063;15.0296599999956;314
3639139247;40.2418100000065;15.0294999999955;315
3639139247;40.241510000007;15.0291699999953;316
3639139247;40.2414400000071;15.0290499999953;317
3639139247;40.2413100000074;15.0285699999952;318
3639139247;40.2412000000076;15.0282799999951;319
3639139247;40.2412000000077;15.0281699999951;320
3639139247;40.2412600000078;15.0278199999951;321
3639139247;40.2412500000079;15.0276999999951;322
3639139247;40.241190000008;15.027559999995;323
3639139247;40.2409400000084;15.0271299999949;324
3639139247;40.2408400000085;15.0269999999948;325
3639139247;40.2407500000086;15.0269399999948;326
3639139247;40.240390000009;15.0269099999946;327
3639139247;40.2401800000092;15.0268499999945;328
3639139247;40.2400200000094;15.0267599999945;329
3639139247;40.2397600000097;15.0265499999944;330
3639139247;40.2396400000099;15.0265099999943;331
3639139247;40.2394800000101;15.0264999999942;332
3639139247;40.2392200000103;15.0265299999941;333
3639139247;40.2389700000105;15.026589999994;334
3639139247;40.2386600000108;15.0266999999939;335
3639139247;40.2385400000109;15.0267099999938;336
3639139247;40.238470000011;15.0266899999938;337
3639139247;40.2383100000112;15.0265599999937;338
3639139247;40.2381400000114;15.0264499999937;339
3639139247;40.2379900000116;15.0264199999936;340
3639139247;40.2378600000117;15.0264699999935;341
3639139247;40.237560000012;15.0266299999934;342
3639139247;40.2373900000121;15.0266799999933;343
3639139247;40.2370100000125;15.0268599999932;344
3639139247;40.2367800000127;15.026929999993;345
3639139247;40.2360300000135;15.0270199999927;346
3639139247;40.2351900000145;15.0270199999923;347
3639139247;40.2347700000151;15.0268199999921;348
3639139247;40.234260000016;15.0264299999919;349
3639139247;40.2340800000163;15.0262699999918;350
3639139247;40.2336700000171;15.0257199999917;351
3639139247;40.2336000000172;15.0256799999917;352
3639139247;40.2332600000177;15.0256999999915;353
3639139247;40.2331500000178;15.0256799999914;354
3639139247;40.2329700000181;15.0255899999914;355
3639139247;40.2328700000182;15.0255799999913;356
3639139247;40.2326000000186;15.0256499999912;357
3639139247;40.2323900000189;15.0256099999911;358
3639139247;40.2322200000192;15.025509999991;359
3639139247;40.2321600000193;15.025439999991;360
3639139247;40.2320400000195;15.025389999991;361
3639139247;40.2314700000205;15.0250399999907;362
3639139247;40.231170000021;15.0249199999906;363
3639139247;40.2307400000218;15.0246399999905;364
3639139247;40.230630000022;15.0246099999904;365
3639139247;40.2304800000222;15.0245999999904;366
3639139247;40.2300900000229;15.0244599999902;367
3639139247;40.2298800000233;15.0243299999901;368
3639139247;40.229530000024;15.0240099999901;369
3639139247;40.2293800000243;15.02393999999;370
3639139247;40.228950000025;15.0239399999898;371
3639139247;40.2288500000251;15.0239099999898;372
3639139247;40.2287900000253;15.0238299999898;373
3639139247;40.2287900000253;15.0237499999898;374
3639139247;40.2289100000255;15.0229499999901;375
3639139247;40.2289300000257;15.0225699999902;376
3639139247;40.2288700000259;15.0223599999902;377
3639139247;40.228460000027;15.0214399999904;378
3639139247;40.2281900000276;15.0210699999904;379
3639139247;40.2277800000285;15.0206599999904;380
3639139247;40.2271900000298;15.0199699999904;381
3639139247;40.2267100000309;15.0195699999904;382
3639139247;40.2264500000314;15.0194499999903;383
3639139247;40.2263800000316;15.0193799999903;384
3639139247;40.226190000032;15.0190899999904;385
3639139247;40.2260500000323;15.0189599999904;386
3639139247;40.2259400000326;15.0189199999904;387
3639139247;40.2255300000334;15.0189299999902;388
3639139247;40.2254700000335;15.0189099999902;389
3639139247;40.2254300000336;15.0188299999902;390
3639139247;40.2253900000337;15.0186699999903;391
3639139247;40.2254100000338;15.0182899999905;392
3639139247;40.2254400000339;15.0180899999906;393
3639139247;40.2254300000339;15.0179899999906;394
3639139247;40.2253900000341;15.0178399999907;395
3639139247;40.2253200000342;15.0177099999907;396
3639139247;40.2250700000348;15.0174799999907;397
3639139247;40.224980000035;15.0173399999908;398
3639139247;40.2248900000353;15.0170899999909;399
3639139247;40.2248300000355;15.0169799999909;400
3639139247;40.2247700000356;15.0169199999909;401
3639139247;40.2246900000358;15.0168899999909;402
3639139247;40.2245000000362;15.0168499999909;403
3639139247;40.224130000037;15.0167199999908;404
3639139247;40.2239000000375;15.0166799999908;405
3639139247;40.2237500000378;15.0166099999908;406
3639139247;40.2235900000382;15.0164399999908;407
3639139247;40.2235100000384;15.0163199999908;408
3639139247;40.2235100000384;15.0162299999909;409
3639139247;40.2235500000384;15.016109999991;410
3639139247;40.2236400000383;15.0159199999911;411
3639139247;40.2236700000383;15.0157799999912;412
3639139247;40.2236600000384;15.0154399999914;413
3639139247;40.2236400000385;15.0152799999915;414
3639139247;40.2235800000387;15.0151499999915;415
3639139247;40.2231100000398;15.0145599999918;416
3639139247;40.2230700000399;15.0144599999918;417
3639139247;40.22307000004;15.0143399999919;418
3639139247;40.2231800000399;15.0139799999921;419
3639139247;40.2232000000399;15.0138499999922;420
3639139247;40.2231900000399;15.0136599999923;421
3639139247;40.2231400000401;15.0133999999925;422
3639139247;40.2231200000402;15.0132099999926;423
3639139247;40.2231400000402;15.0131299999927;424
3639139247;40.2231800000401;15.0130899999927;425
3639139247;40.22324000004;15.0130899999927;426
3639139247;40.2235100000394;15.0132999999927;427
3639139247;40.2238500000386;15.0135299999926;428
3639139247;40.2239600000383;15.0137699999925;429
3639139247;40.224060000038;15.0139099999924;430
3639139247;40.2242000000377;15.0140299999924;431
3639139247;40.2243200000375;15.0140899999924;432
3639139247;40.2244300000372;15.0141099999924;433
3639139247;40.2246400000368;15.0140699999925;434
3639139247;40.2247400000366;15.0139599999926;435
3639139247;40.2248600000365;15.0137599999927;436
3639139247;40.2249400000363;15.0136699999928;437
3639139247;40.2249800000362;15.0136599999928;438
3639139247;40.2250300000361;15.0136699999928;439
3639139247;40.2252400000357;15.0139699999927;440
3639139247;40.2253600000354;15.0140299999927;441
3639139247;40.225580000035;15.0140499999928;442
3639139247;40.2258600000344;15.0139999999929;443
3639139247;40.2259200000343;15.0140399999929;444
3639139247;40.2259700000342;15.0141099999928;445
3639139247;40.2260500000339;15.0144699999927;446
3639139247;40.2263200000333;15.0148399999925;447
3639139247;40.2265400000328;15.0152199999924;448
3639139247;40.2266300000326;15.0152999999924;449
3639139247;40.2270900000316;15.0156199999924;450
3639139247;40.2272000000314;15.0156499999924;451
3639139247;40.2273200000312;15.0156299999924;452
3639139247;40.2274800000309;15.0155699999925;453
3639139247;40.2278700000303;15.0154899999927;454
3639139247;40.2283200000295;15.0152299999929;455
3639139247;40.2283700000295;15.0152399999929;456
3639139247;40.2286400000289;15.0155099999929;457
3639139247;40.2288100000286;15.0156099999929;458
3639139247;40.2288700000285;15.0156899999928;459
3639139247;40.2288900000284;15.0157499999928;460
3639139247;40.2288600000284;15.0159999999927;461
3639139247;40.2288700000283;15.0161799999926;462
3639139247;40.2289100000281;15.0164599999925;463
3639139247;40.228980000028;15.0166699999924;464
3639139247;40.2291200000276;15.0169199999924;465
3639139247;40.229390000027;15.0173399999923;466
3639139247;40.2299300000259;15.0179799999922;467
3639139247;40.2305600000248;15.0183499999923;468
3639139247;40.230960000024;15.0188599999922;469
3639139247;40.2311800000235;15.0191999999922;470
3639139247;40.2312800000233;15.0192699999922;471
3639139247;40.231430000023;15.0195399999922;472
3639139247;40.2314600000229;15.0196299999921;473
3639139247;40.2315400000227;15.0197599999921;474
3639139247;40.2318500000222;15.0200699999921;475
3639139247;40.2321100000217;15.0202599999922;476
3639139247;40.2323000000214;15.0201999999923;477
3639139247;40.2323400000214;15.0201199999923;478
3639139247;40.2323700000214;15.0199399999924;479
3639139247;40.2324500000214;15.0196999999925;480
3639139247;40.2328100000212;15.0189999999928;481
3639139247;40.2332200000209;15.0180799999932;482
3639139247;40.2333200000208;15.0179599999933;483
3639139247;40.2334600000206;15.0179199999934;484
3639139247;40.2335700000204;15.0179599999934;485
3639139247;40.23384000002;15.0181299999934;486
3639139247;40.2340200000197;15.0182899999934;487
3639139247;40.2342000000194;15.0183899999935;488
3639139247;40.234460000019;15.0185999999935;489
3639139247;40.2345443815533;15.0186204655437;490
3639139247;40.2348300000184;15.0189699999935;491
3639139247;40.235010000018;15.0193699999934;492
3639139247;40.2352300000176;15.0196899999934;493
3639139247;40.2353600000174;15.0197599999935;494
3639139247;40.2355600000171;15.0199299999935;495
3639139247;40.2356700000169;15.0200799999935;496
3639139247;40.2357700000168;15.0201399999935;497
3639139247;40.2359500000166;15.0200999999936;498
3639139247;40.2360200000165;15.0199699999936;499
3639139247;40.2364300000164;15.018939999994;500
3639139247;40.2365600000163;15.0185399999942;501
3639139247;40.2366700000162;15.0184599999942;502
3639139247;40.2367700000161;15.0184999999942;503
3639139247;40.2369400000159;15.0186199999942;504
3639139247;40.2377500000149;15.0187599999945;505
3639139247;40.2380800000145;15.0187899999946;506
3639139247;40.2386500000138;15.0189199999947;507
3639139247;40.2397400000126;15.019099999995;508
3639139247;40.2399400000124;15.019119999995;509
3639139247;40.240280000012;15.0190899999951;510
3639139247;40.2407400000115;15.0192099999952;511
3639139247;40.2412700000109;15.0196499999953;512
3639139247;40.2414000000108;15.0196799999954;513
3639139247;40.2419300000103;15.0197199999955;514
3639139247;40.2421000000101;15.0197999999956;515
3639139247;40.2422300000099;15.0199199999956;516
3639139247;40.2423700000098;15.0200899999956;517
3639139247;40.2424800000096;15.0202699999956;518
3639139247;40.2425600000095;15.0203399999956;519
3639139247;40.2429900000091;15.0205099999957;520
3639139247;40.243080000009;15.0205299999958;521
3639139247;40.2431800000089;15.0205199999958;522
3639139247;40.2433900000087;15.0205399999958;523
3639139247;40.2436300000085;15.0206599999959;524
3639139247;40.2437000000085;15.0206299999959;525
3639139247;40.2437900000084;15.020509999996;526
3639139247;40.2438300000084;15.020349999996;527
3639139247;40.2437900000085;15.020079999996;528
3639139247;40.2436900000087;15.019869999996;529
3639139247;40.2432600000093;15.019179999996;530
3639139247;40.2432700000093;15.019039999996;531
3639139247;40.2433100000093;15.018999999996;532
3639139247;40.2433700000092;15.019019999996;533
3639139247;40.243570000009;15.019229999996;534
3639139247;40.2441200000083;15.0200199999961;535
3639139247;40.2442100000082;15.0200499999961;536
3639139247;40.2443100000081;15.0200199999961;537
3639139247;40.2443400000081;15.0199599999962;538
3639139247;40.2443500000081;15.0198899999962;539
3639139247;40.2440000000085;15.0194199999961;540
3639139247;40.243630000009;15.0189899999961;541
3639139247;40.243630000009;15.0189399999961;542
3639139247;40.2434300000092;15.018779999996;543
3639139247;40.2432100000095;15.018469999996;544
3639139247;40.2431000000097;15.018249999996;545
3639139247;40.2429700000098;15.017919999996;546
3639139247;40.24285000001;15.017699999996;547
3639139247;40.2426300000103;15.017369999996;548
3639139247;40.2424000000106;15.0168699999961;549
3639139247;40.2423800000107;15.0167599999961;550
3639139247;40.2424800000108;15.0160999999962;551
3639139247;40.2427500000106;15.0154499999964;552
3639139247;40.2427800000107;15.0152499999965;553
3639139247;40.2427700000107;15.0151099999965;554
3639139247;40.2427100000108;15.0149899999965;555
3639139247;40.242550000011;15.0148599999965;556
3639139247;40.2422600000113;15.0146699999965;557
3639139247;40.2418500000117;15.0144299999965;558
3639139247;40.2411900000124;15.0141299999964;559
3639139247;40.2410900000125;15.0140999999964;560
3639139247;40.2405500000131;15.0140899999963;561
3639139247;40.2404500000132;15.0140499999963;562
3639139247;40.2403600000133;15.0139799999963;563
3639139247;40.2402700000134;15.0138499999963;564
3639139247;40.2401700000135;15.0136599999963;565
3639139247;40.2400300000137;15.0134699999963;566
3639139247;40.239800000014;15.0132099999964;567
3639139247;40.2394500000145;15.0129599999964;568
3639139247;40.238990000015;15.0126699999964;569
3639139247;40.2388100000152;15.0126399999964;570
3639139247;40.2382300000158;15.0128799999962;571
3639139247;40.238100000016;15.0128899999962;572
3639139247;40.2379900000161;15.0128599999961;573
3639139247;40.2378400000163;15.0127699999961;574
3639139247;40.2377800000164;15.0126399999962;575
3639139247;40.2377100000165;15.0123599999963;576
3639139247;40.2376500000166;15.0122199999963;577
3639139247;40.2374500000169;15.0119499999964;578
3639139247;40.237450000017;15.0118799999964;579
3639139247;40.2374800000169;15.0117399999964;580
3639139247;40.2376000000168;15.0115499999965;581
3639139247;40.2378500000166;15.0112799999966;582
3639139247;40.2379200000165;15.0112399999967;583
3639139247;40.2381000000163;15.0112099999967;584
3639139247;40.2384100000159;15.0112099999968;585
3639139247;40.2386400000157;15.0110899999968;586
3639139247;40.2388000000156;15.0109399999969;587
3639139247;40.2389100000154;15.010749999997;588
3639139247;40.2391600000152;15.0101899999972;589
3639139247;40.2392900000151;15.0099999999973;590
3639139247;40.2398000000146;15.0097499999974;591
3639139247;40.2400300000144;15.0096099999975;592
3639139247;40.2402000000142;15.0094699999976;593
3639139247;40.2405700000139;15.0089599999978;594
3639139247;40.2410900000134;15.0082899999981;595
3639139247;40.2411800000133;15.0081999999981;596
3639139247;40.2416100000129;15.0079699999982;597
3639139247;40.2417100000128;15.0078799999982;598
3639139247;40.2419900000126;15.0074399999984;599
3639139247;40.2421700000125;15.0071899999985;600
3639139247;40.242700000012;15.0066599999987;601
3639139247;40.2428000000119;15.0065099999988;602
3639139247;40.2428300000119;15.0063899999988;603
3639139247;40.2428600000119;15.0061899999989;604
3639139247;40.242800000012;15.005569999999;605
3639139247;40.242740000012;15.0053599999991;606
3639139247;40.2426400000121;15.0051399999992;607
3639139247;40.2423300000125;15.0047399999993;608
3639139247;40.2418900000129;15.0044999999993;609
3639139247;40.241730000013;15.0044499999994;610
3639139247;40.2415000000133;15.0041799999994;611
3639139247;40.2414200000134;15.0040199999995;612
3639139247;40.2412400000136;15.0038199999995;613
3639139247;40.2404500000144;15.0031699999998;614
3639139247;40.2402900000146;15.0030699999998;615
3639139247;40.2402200000146;15.0030499999998;616
3639139247;40.2401200000147;15.0030499999998;617
3639139247;40.239890000015;15.0031199999998;618
3639139247;40.2398100000151;15.0031199999998;619
3639139247;40.2396700000152;15.0030299999998;620
3639139247;40.2396000000153;15.0028899999998;621
3639139247;40.2395500000154;15.0026799999999;622
3639139247;40.2395500000154;15.00247;623
3639139247;40.2395800000153;15.0023100000001;624
3639139247;40.2396000000153;15.0020700000001;625
3639139247;40.2395800000153;15.0019300000002;626
3639139247;40.2395100000154;15.0017700000003;627
3639139247;40.2391700000158;15.0013300000004;628
3639139247;40.2392700000157;15.0012000000005;629
3639139247;40.2396300000153;15.0013400000004;630
3639139247;40.2397400000151;15.0014000000004;631
3639139247;40.2398200000151;15.0014100000004;632
3639139247;40.2400700000148;15.0013700000004;633
3639139247;40.2405300000143;15.0012600000004;634
3639139247;40.240840000014;15.0012200000004;635
3639139247;40.2410000000138;15.0012100000004;636
3639139247;40.2413300000135;15.0013200000004;637
3639139247;40.2420200000128;15.0012400000004;638
3639139247;40.2423900000124;15.0012300000004;639
3639139247;40.2424900000123;15.0012100000004;640
3639139247;40.2426700000121;15.0011200000004;641
3639139247;40.2430300000118;15.0008900000005;642
3639139247;40.2431900000117;15.0007800000005;643
3639139247;40.2432300000116;15.0007300000005;644
3639139247;40.2432700000116;15.0006000000006;645
3639139247;40.2433300000115;14.9999000000008;646
3639139247;40.2434300000114;14.9995200000009;647
3639139247;40.2436400000112;14.999170000001;648
3639139247;40.2437100000111;14.999010000001;649
3639139247;40.2439600000108;14.9982400000012;650
3639139247;40.2440400000108;14.9981400000013;651
3639139247;40.2442000000106;14.9980800000013;652
3639139247;40.2442800000105;14.9980800000013;653
3639139247;40.2446300000102;14.9982300000012;654
3639139247;40.2447400000102;14.9983200000012;655
3639139247;40.24496000001;14.9986200000011;656
3639139247;40.2452500000098;14.998870000001;657
3639139247;40.2453400000097;14.998880000001;658
3639139247;40.2454400000096;14.998840000001;659
3639139247;40.2456300000095;14.998690000001;660
3639139247;40.2460300000091;14.9983300000011;661
3639139247;40.2461100000091;14.9983000000011;662
3639139247;40.2463600000089;14.998360000001;663
3639139247;40.2464700000088;14.998350000001;664
3639139247;40.2467300000086;14.9981800000011;665
3639139247;40.2468100000085;14.9981600000011;666
3639139247;40.2470100000084;14.998160000001;667
3639139247;40.2470700000083;14.998190000001;668
3639139247;40.2473300000081;14.998470000001;669
3639139247;40.2473800000081;14.998490000001;670
3639139247;40.247480000008;14.9984800000009;671
3639139247;40.2475900000079;14.998400000001;672
3639139247;40.2477400000078;14.998350000001;673
3639139247;40.2480400000076;14.9983300000009;674
3639139247;40.2480900000076;14.9983500000009;675
3639139247;40.2481400000076;14.9984100000009;676
3639139247;40.2481700000075;14.9986000000009;677
3639139247;40.2482400000075;14.9988400000008;678
3639139247;40.2487100000072;14.9994600000007;679
3639139247;40.2488600000071;14.9996100000006;680
3639139247;40.2489500000071;14.9996500000006;681
3639139247;40.2491900000069;14.9997000000006;682
3639139247;40.2492900000069;14.9998100000006;683
3639139247;40.2493900000068;15.0001100000005;684
3639139247;40.2494100000068;15.0003000000005;685
3639139247;40.2493600000068;15.0005000000004;686
3639139247;40.249200000007;15.0015800000002;687
3639139247;40.2493700000069;15.0018900000001;688
3639139247;40.2495100000068;15.0019500000001;689
3639139247;40.2496500000067;15.0019500000001;690
3639139247;40.2496628759343;15.001931401472;691
3639139247;40.2496500000067;15.0019500000001;692
3639139247;40.2495100000068;15.0019500000001;693
3639139247;40.2493700000069;15.0018900000001;694
3639139247;40.249200000007;15.0015800000002;695
3639139247;40.2493600000068;15.0005000000004;696
3639139247;40.2494100000068;15.0003000000005;697
3639139247;40.2493900000068;15.0001100000005;698
3639139247;40.2492900000069;14.9998100000006;699
3639139247;40.2491900000069;14.9997000000006;700
3639139247;40.2489500000071;14.9996500000006;701
3639139247;40.2488600000071;14.9996100000006;702
3639139247;40.2487100000072;14.9994600000007;703
3639139247;40.2482400000075;14.9988400000008;704
3639139247;40.2481700000075;14.9986000000009;705
3639139247;40.2481400000076;14.9984100000009;706
3639139247;40.2480900000076;14.9983500000009;707
3639139247;40.2480400000076;14.9983300000009;708
3639139247;40.2477400000078;14.998350000001;709
3639139247;40.2475900000079;14.998400000001;710
3639139247;40.247480000008;14.9984800000009;711
3639139247;40.2473800000081;14.998490000001;712
3639139247;40.2473300000081;14.998470000001;713
3639139247;40.2470700000083;14.998190000001;714
3639139247;40.2470100000084;14.998160000001;715
3639139247;40.2468100000085;14.9981600000011;716
3639139247;40.2467300000086;14.9981800000011;717
3639139247;40.2464700000088;14.998350000001;718
3639139247;40.2463600000089;14.998360000001;719
3639139247;40.2461100000091;14.9983000000011;720
3639139247;40.2460300000091;14.9983300000011;721
3639139247;40.2456300000095;14.998690000001;722
3639139247;40.2454400000096;14.998840000001;723
3639139247;40.2453400000097;14.998880000001;724
3639139247;40.2452500000098;14.998870000001;725
3639139247;40.24496000001;14.9986200000011;726
3639139247;40.2447400000102;14.9983200000012;727
3639139247;40.2446300000102;14.9982300000012;728
3639139247;40.2442800000105;14.9980800000013;729
3639139247;40.2442000000106;14.9980800000013;730
3639139247;40.2440400000108;14.9981400000013;731
3639139247;40.2439600000108;14.9982400000012;732
3639139247;40.2437100000111;14.999010000001;733
3639139247;40.2436400000112;14.999170000001;734
3639139247;40.2434300000114;14.9995200000009;735
3639139247;40.2433300000115;14.9999000000008;736
3639139247;40.2432700000116;15.0006000000006;737
3639139247;40.2432300000116;15.0007300000005;738
3639139247;40.2431900000117;15.0007800000005;739
3639139247;40.2426700000121;15.0011200000004;740
3639139247;40.2424900000123;15.0012100000004;741
3639139247;40.2423900000124;15.0012300000004;742
3639139247;40.2420200000128;15.0012400000004;743
3639139247;40.2413300000135;15.0013200000004;744
3639139247;40.2410000000138;15.0012100000004;745
3639139247;40.240840000014;15.0012200000004;746
3639139247;40.2405300000143;15.0012600000004;747
3639139247;40.2400700000148;15.0013700000004;748
3639139247;40.2398200000151;15.0014100000004;749
3639139247;40.2397400000151;15.0014000000004;750
3639139247;40.2396300000153;15.0013400000004;751
3639139247;40.2392700000157;15.0012000000005;752
3639139247;40.2391700000158;15.0013300000004;753
3639139247;40.2385700000164;15.0006500000007;754
3639139247;40.2384800000166;15.0005800000007;755
3639139247;40.2382000000169;15.0005100000008;756
3639139247;40.238060000017;15.0005100000008;757
3639139247;40.2379800000171;15.0005400000008;758
3639139247;40.2376400000176;15.0009500000006;759
3639139247;40.2374700000178;15.0010600000006;760
3639139247;40.2371900000181;15.0014400000004;761
3639139247;40.2370700000183;15.0015100000004;762
3639139247;40.2369300000185;15.0015100000004;763
3639139247;40.2368400000186;15.0014700000004;764
3639139247;40.2366600000188;15.0013000000005;765
3639139247;40.2365400000189;15.0012800000005;766
3639139247;40.2364100000191;15.0013000000005;767
3639139247;40.2361600000194;15.0014700000004;768
3639139247;40.23574000002;15.0018700000003;769
3639139247;40.2356000000202;15.0019600000002;770
3639139247;40.2354800000203;15.0021200000002;771
3639139247;40.2353200000206;15.0022800000001;772
3639139247;40.2352300000207;15.0023100000001;773
3639139247;40.2348300000212;15.0022800000001;774
3639139247;40.2346700000214;15.0023200000001;775
3639139247;40.2346100000215;15.00238;776
3639139247;40.2345600000216;15.00247;777
3639139247;40.234240000022;15.0031299999997;778
3639139247;40.2341200000222;15.0032999999996;779
3639139247;40.2338800000225;15.0037999999994;780
3639139247;40.2336800000228;15.0041499999992;781
3639139247;40.233570000023;15.0042799999991;782
3639139247;40.2334900000231;15.0042999999991;783
3639139247;40.2331500000236;15.0042999999991;784
3639139247;40.2327900000241;15.0042699999991;785
3639139247;40.2326200000244;15.0043099999991;786
3639139247;40.2325000000245;15.0043699999991;787
3639139247;40.2324400000246;15.004439999999;788
3639139247;40.2322900000249;15.0047099999989;789
3639139247;40.232220000025;15.0047499999988;790
3639139247;40.232170000025;15.0047499999988;791
3639139247;40.2321300000251;15.0047199999989;792
3639139247;40.2320800000252;15.0045899999989;793
3639139247;40.2319300000254;15.0038199999993;794
3639139247;40.2318600000255;15.0036899999994;795
3639139247;40.2316700000259;15.0034899999995;796
3639139247;40.231580000026;15.0033099999996;797
3639139247;40.2315200000261;15.0032399999996;798
3639139247;40.2310100000269;15.0032299999996;799
3639139247;40.2305700000276;15.0030499999997;800
3639139247;40.2303000000281;15.0029899999997;801
3639139247;40.2300500000285;15.0029699999997;802
3639139247;40.2299700000286;15.0029899999997;803
3639139247;40.2297000000291;15.0031799999996;804
3639139247;40.2295600000293;15.0032199999996;805
3639139247;40.2294100000296;15.0032299999996;806
3639139247;40.2290700000301;15.0031799999996;807
3639139247;40.2290200000302;15.0032099999996;808
3639139247;40.2287000000308;15.0035299999994;809
3639139247;40.2283100000315;15.0040199999991;810
3639139247;40.2281500000318;15.004169999999;811
3639139247;40.2278700000322;15.0043299999989;812
3639139247;40.2277000000326;15.0043799999989;813
3639139247;40.2273900000331;15.0043499999989;814
3639139247;40.2272400000334;15.004139999999;815
3639139247;40.226910000034;15.0041999999989;816
3639139247;40.2266500000345;15.004139999999;817
3639139247;40.2262100000354;15.0041599999989;818
3639139247;40.2261000000356;15.0041299999989;819
3639139247;40.2256900000364;15.0038899999991;820
3639139247;40.2256500000365;15.0038099999991;821
3639139247;40.2256500000365;15.0037299999992;822
3639139247;40.2256600000365;15.0036499999992;823
3639139247;40.2260200000358;15.0025699999999;824
3639139247;40.2261300000356;15.0021200000002;825
3639139247;40.2262200000354;15.0016100000006;826
3639139247;40.2262200000354;15.0014900000006;827
3639139247;40.2261900000354;15.0014000000007;828
3639139247;40.2261300000355;15.0013300000007;829
3639139247;40.2260100000358;15.0012900000008;830
3639139247;40.2259400000359;15.0013000000008;831
3639139247;40.2257600000363;15.0014100000007;832
3639139247;40.2251100000376;15.0015700000006;833
3639139247;40.2247700000382;15.0016000000006;834
3639139247;40.2240000000398;15.0016200000006;835
3639139247;40.2230600000418;15.0015900000006;836
3639139247;40.222970000042;15.0015500000007;837
3639139247;40.2228200000423;15.0013300000008;838
3639139247;40.2227600000425;15.001130000001;839
3639139247;40.2227200000426;15.001080000001;840
3639139247;40.2226600000427;15.001070000001;841
3639139247;40.2226200000428;15.001120000001;842
3639139247;40.2226000000428;15.0011900000009;843
3639139247;40.2226200000428;15.0013200000008;844
3639139247;40.2228400000423;15.0016500000006;845
3639139247;40.222980000042;15.0017400000005;846
3639139247;40.2239500000399;15.0020000000003;847
3639139247;40.2245700000387;15.0020100000003;848
3639139247;40.2251100000376;15.0021400000002;849
3639139247;40.2251900000374;15.0021900000002;850
3639139247;40.2252400000373;15.0022600000002;851
3639139247;40.2252500000373;15.0023500000001;852
3639139247;40.2252400000373;15.00245;853
3639139247;40.2251700000375;15.0025599999999;854
3639139247;40.2249800000378;15.0027599999998;855
3639139247;40.2247500000383;15.0030399999996;856
3639139247;40.2246200000386;15.0032199999995;857
3639139247;40.2244500000389;15.0035199999993;858
3639139247;40.2243000000392;15.0038099999991;859
3639139247;40.2242600000393;15.003949999999;860
3639139247;40.2242600000393;15.0042399999988;861
3639139247;40.2242100000394;15.0043299999987;862
3639139247;40.2241700000395;15.0043199999987;863
3639139247;40.2241400000395;15.0042499999988;864
3639139247;40.2241300000395;15.0041599999988;865
3639139247;40.2241400000395;15.0040199999989;866
3639139247;40.2242100000394;15.0037499999991;867
3639139247;40.2243500000391;15.0033099999994;868
3639139247;40.2245000000388;15.0030299999996;869
3639139247;40.2245400000387;15.0028699999997;870
3639139247;40.2245100000388;15.0027399999998;871
3639139247;40.2244300000389;15.0026199999999;872
3639139247;40.2243500000391;15.0025799999999;873
3639139247;40.2238700000401;15.0026699999999;874
3639139247;40.2235300000408;15.0026999999999;875
3639139247;40.2230100000419;15.0027099999998;876
3639139247;40.2228100000424;15.0026099999999;877
3639139247;40.2227000000426;15.00251;878
3639139247;40.222550000043;15.00248;879
3639139247;40.222090000044;15.0025;880
3639139247;40.2219400000443;15.00245;881
3639139247;40.2218600000445;15.0024000000001;882
3639139247;40.221650000045;15.0020800000003;883
3639139247;40.2211200000462;15.0013700000009;884
3639139247;40.2210900000462;15.0012500000009;885
3639139247;40.2210900000462;15.0010900000011;886
3639139247;40.2211400000461;15.0008300000013;887
3639139247;40.2212000000459;15.0006100000014;888
3639139247;40.2212900000457;15.0004200000016;889
3639139247;40.2214500000454;15.0001900000017;890
3639139247;40.2215700000451;15.0000600000018;891
3639139247;40.2216300000449;14.9999400000019;892
3639139247;40.2216500000449;14.999850000002;893
3639139247;40.2216500000449;14.9997500000021;894
3639139247;40.2216300000449;14.9996500000021;895
3639139247;40.221570000045;14.9995900000022;896
3639139247;40.2211800000459;14.9994900000023;897
3639139247;40.2210100000463;14.9994100000024;898
3639139247;40.2209400000465;14.9993200000024;899
3639139247;40.2208800000466;14.9989800000027;900
3639139247;40.2207700000467;14.9982500000033;901
3639139247;40.2207400000468;14.9978700000036;902
3639139247;40.2207900000466;14.9974900000038;903
3639139247;40.2208600000464;14.9971000000041;904
3639139247;40.2210400000459;14.9965100000045;905
3639139247;40.2211000000457;14.9962400000047;906
3639139247;40.2210900000457;14.9961400000048;907
3639139247;40.2210600000458;14.9960700000049;908
3639139247;40.2209900000459;14.9960000000049;909
3639139247;40.2208900000461;14.995980000005;910
3639139247;40.2206000000468;14.9960500000049;911
3639139247;40.2202700000476;14.9962200000049;912
3639139247;40.2200800000481;14.9962900000049;913
3639139247;40.2199500000484;14.9963100000049;914
3639139247;40.2198400000487;14.9962600000049;915
3639139247;40.2195600000493;14.9959700000052;916
3639139247;40.2194800000495;14.9958300000053;917
3639139247;40.2190800000501;14.9944800000064;918
3639139247;40.2190200000502;14.9939100000069;919
3639139247;40.2189800000501;14.9932300000074;920
3639139247;40.2190100000499;14.9927300000078;921
3639139247;40.2192900000488;14.9914000000087;922
3639139247;40.2193000000487;14.9912500000088;923
3639139247;40.2192900000487;14.9911300000089;924
3639139247;40.2192500000488;14.991020000009;925
3639139247;40.2193500000485;14.9907000000092;926
3639139247;40.2196600000474;14.9899000000097;927
3639139247;40.2198300000468;14.98926000001;928
3639139247;40.220420000045;14.9881000000106;929
3639139247;40.2205600000445;14.9877500000108;930
3639139247;40.2206300000442;14.9874100000109;931
3639139247;40.220970000043;14.9863200000115;932
3639139247;40.2210700000427;14.9861400000115;933
3639139247;40.2211500000425;14.9860900000115;934
3639139247;40.2212300000423;14.9860900000115;935
3639139247;40.2214300000419;14.9861900000114;936
3639139247;40.2217600000413;14.9863900000111;937
3639139247;40.2220600000407;14.9865100000109;938
3639139247;40.22238000004;14.9865600000108;939
3639139247;40.2225800000395;14.9865100000107;940
3639139247;40.2229600000386;14.9862400000107;941
3639139247;40.2231900000381;14.9861200000107;942
3639139247;40.2234100000376;14.9860600000106;943
3639139247;40.2236300000371;14.9860500000105;944
3639139247;40.2238200000368;14.9861100000104;945
3639139247;40.2239800000365;14.9862400000103;946
3639139247;40.2241600000362;14.9865000000101;947
3639139247;40.224310000036;14.98658000001;948
3639139247;40.2245200000355;14.9865600000099;949
3639139247;40.2250000000345;14.9864500000098;950
3639139247;40.2252400000341;14.9864500000097;951
3639139247;40.2267000000314;14.9866700000091;952
3639139247;40.2271800000305;14.9866800000089;953
3639139247;40.22744000003;14.9865700000088;954
3639139247;40.2275600000298;14.9864600000088;955
3639139247;40.2277100000292;14.9857100000091;956
3639139247;40.2279100000284;14.9845900000095;957
3639139247;40.2277900000285;14.9843700000096;958
3639139247;40.2275800000287;14.9840800000098;959
3639139247;40.2275000000288;14.9839400000099;960
3639139247;40.2269700000295;14.9834300000103;961
3639139247;40.2267400000298;14.9832400000105;962
3639139247;40.2264600000303;14.9831400000107;963
3639139247;40.2252100000325;14.9828900000113;964
3639139247;40.2250100000329;14.9827900000115;965
3639139247;40.2248300000331;14.9825900000116;966
3639139247;40.2246700000333;14.9822900000118;967
3639139247;40.2245900000332;14.981940000012;968
3639139247;40.2245800000331;14.9815200000122;969
3639139247;40.2246400000326;14.9809800000124;970
3639139247;40.2250500000309;14.9792400000127;971
3639139247;40.2252200000294;14.9773800000131;972
3639139247;40.2253200000288;14.9767200000132;973
3639139247;40.2254200000284;14.9763400000132;974
3639139247;40.2256000000277;14.9758600000132;975
3639139247;40.2257500000273;14.9755500000132;976
3639139247;40.225810000027;14.9753100000132;977
3639139247;40.2258100000269;14.9751700000132;978
3639139247;40.2257600000269;14.9750400000133;979
3639139247;40.225690000027;14.9749700000133;980
3639139247;40.2255700000272;14.9749200000134;981
3639139247;40.2252200000278;14.9749000000136;982
3639139247;40.2246700000288;14.974900000014;983
3639139247;40.2243800000293;14.9748200000142;984
3639139247;40.2240800000297;14.9745800000144;985
3639139247;40.22392000003;14.9746000000145;986
3639139247;40.2235900000309;14.9749800000147;987
3639139247;40.2230200000324;14.975540000015;988
3639139247;40.2225300000336;14.9758200000152;989
3639139247;40.222390000034;14.9759400000153;990
3639139247;40.2222100000346;14.9762000000153;991
3639139247;40.222050000035;14.9763900000154;992
3639139247;40.2219300000353;14.9764500000154;993
3639139247;40.2217900000356;14.9764400000155;994
3639139247;40.2215400000361;14.9763300000157;995
3639139247;40.2214400000363;14.9763300000158;996
3639139247;40.2210000000374;14.976560000016;997
3639139247;40.2208800000376;14.9765400000161;998
3639139247;40.2208200000377;14.9764900000162;999
3639139247;40.2208000000377;14.9764200000162;1000
3639139247;40.2208300000376;14.9763600000162;1001
3639139247;40.2208700000375;14.9763300000162;1002
3639139247;40.2211800000368;14.976280000016;1003
3639139247;40.221460000036;14.9760300000159;1004
3639139247;40.2216900000355;14.9759900000157;1005
3639139247;40.2218100000352;14.9759400000157;1006
3639139247;40.2221800000342;14.9755300000155;1007
3639139247;40.222190000034;14.9754300000155;1008
3639139247;40.222170000034;14.9753800000156;1009
3639139247;40.2221100000341;14.9753400000156;1010
3639139247;40.2220300000343;14.9753600000157;1011
3639139247;40.2219000000347;14.9755500000157;1012
3639139247;40.2217500000351;14.9756300000158;1013
3639139247;40.2214500000357;14.975630000016;1014
3639139247;40.221300000036;14.9755600000161;1015
3639139247;40.221260000036;14.9754500000162;1016
3639139247;40.2212700000359;14.9753500000162;1017
3639139247;40.2213900000355;14.9751600000162;1018
3639139247;40.2214700000352;14.9749600000161;1019
3639139247;40.2214700000351;14.9748600000162;1020
3639139247;40.2213700000349;14.9742900000164;1021
3639139247;40.2213600000347;14.9739600000165;1022
3639139247;40.2214200000343;14.9736400000165;1023
3639139247;40.2216300000334;14.9730000000164;1024
3639139247;40.2223000000308;14.9714600000161;1025
3639139247;40.2225000000298;14.970770000016;1026
3639139247;40.2228500000285;14.9700000000158;1027
3639139247;40.2233000000271;14.9693600000154;1028
3639139247;40.2235100000264;14.9691000000152;1029
3639139247;40.2239900000253;14.9687800000148;1030
3639139247;40.2241800000249;14.9687100000146;1031
3639139247;40.2245900000241;14.9686800000143;1032
3639139247;40.2247000000239;14.9686200000142;1033
3639139247;40.2249200000233;14.968420000014;1034
3639139247;40.2251800000226;14.9681400000138;1035
3639139247;40.225320000022;14.9677700000136;1036
3639139247;40.2256500000211;14.9673700000133;1037
3639139247;40.22603000002;14.9668100000129;1038
3639139247;40.2266400000184;14.9662000000122;1039
3639139247;40.2272100000167;14.9653000000115;1040
3639139247;40.2274100000162;14.9651100000112;1041
3639139247;40.2280500000148;14.9646100000105;1042
3639139247;40.2282000000145;14.9644400000103;1043
3639139247;40.228350000014;14.9641600000101;1044
3639139247;40.2285600000134;14.9638900000098;1045
3639139247;40.2288800000127;14.9636000000094;1046
3639139247;40.2293700000117;14.9632900000088;1047
3639139247;40.2296600000111;14.9630300000085;1048
3639139247;40.2301200000102;14.9627300000079;1049
3639139247;40.2310000000088;14.962420000007;1050
3639139247;40.2311600000085;14.9623100000068;1051
3639139247;40.2313200000081;14.9621100000066;1052
3639139247;40.2316400000073;14.961630000006;1053
3639139247;40.2318300000069;14.9614600000057;1054
3639139247;40.2320400000066;14.9613300000055;1055
3639139247;40.2323400000061;14.9612200000052;1056
3639139247;40.2327000000056;14.9611300000048;1057
3639139247;40.2329200000054;14.9611200000046;1058
3639139247;40.233340000005;14.9611900000043;1059
3639139247;40.2335000000048;14.9611900000042;1060
3639139247;40.2339000000044;14.9611400000038;1061
3639139247;40.2340400000042;14.9611700000037;1062
3639139247;40.2342400000041;14.9612700000036;1063
3639139247;40.2344300000041;14.9614500000036;1064
3639139247;40.2345900000042;14.9617400000036;1065
3639139247;40.2347100000043;14.9620900000038;1066
3639139247;40.2348200000046;14.962550000004;1067
3639139247;40.2348300000048;14.9628100000041;1068
3639139247;40.2348000000051;14.9631100000043;1069
3639139247;40.2346700000057;14.9636800000047;1070
3639139247;40.2345500000061;14.964020000005;1071
3639139247;40.2343900000064;14.9642100000052;1072
3639139247;40.2342300000067;14.9643000000054;1073
3639139247;40.2340500000069;14.9643700000056;1074
3639139247;40.233990000007;14.9644200000056;1075
3639139247;40.2339700000071;14.9644700000057;1076
3639139247;40.2339800000072;14.9646900000058;1077
3639139247;40.2340800000074;14.9649600000058;1078
3639139247;40.2341400000073;14.9650300000058;1079
3639139247;40.2343200000072;14.9650900000057;1080
3639139247;40.2346000000069;14.9650500000055;1081
3639139247;40.2347600000066;14.9649700000053;1082
3639139247;40.2350000000062;14.9647800000051;1083
3639139247;40.2354500000055;14.9643700000045;1084
3639139247;40.2361700000042;14.9636400000036;1085
3639139247;40.2364000000038;14.9634500000033;1086
3639139247;40.2364700000037;14.9634200000032;1087
3639139247;40.2365200000037;14.9634200000032;1088
3639139247;40.2365900000036;14.9634600000032;1089
3639139247;40.2368900000039;14.9641600000033;1090
3639139247;40.2371800000042;14.9649000000036;1091
3639139247;40.2373000000043;14.9651600000036;1092
3639139247;40.2373900000042;14.9652200000036;1093
3639139247;40.2374800000041;14.9652100000035;1094
3639139247;40.237610000004;14.9651200000034;1095
3639139247;40.2379800000034;14.9648000000029;1096
3639139247;40.2380300000033;14.9647100000029;1097
3639139247;40.2382900000029;14.9644400000025;1098
3639139247;40.2385000000025;14.9641900000022;1099
3639139247;40.2386000000024;14.9640900000021;1100
3639139247;40.2386900000022;14.964050000002;1101
3639139247;40.2388700000021;14.9640400000019;1102
3639139247;40.2391000000019;14.9641200000018;1103
3639139247;40.2397200000018;14.9645500000016;1104
3639139247;40.2398600000017;14.9646300000016;1105
3639139247;40.2399700000016;14.9646300000015;1106
3639139247;40.2401200000015;14.9645700000014;1107
3639139247;40.2405000000009;14.9641800000009;1108
3639139247;40.2419199999988;14.9625599999988;1109
3639139247;40.2425799999979;14.9618499999978;1110
3639139247;40.2436499999965;14.9605999999961;1111
3639139247;40.2438299999962;14.9603499999957;1112
3639139247;40.2444899999954;14.9597099999947;1113
3639139247;40.2475499999922;14.9566499999895;1114
3639139247;40.2479999999918;14.9562199999887;1115
3639139247;40.2488399999913;14.9556599999874;1116
3639139247;40.2489899999912;14.9555999999873;1117
3639139247;40.2490599999911;14.9555299999871;1118
3639139247;40.2510299999902;14.9544399999845;1119
3639139247;40.2518999999898;14.9539199999832;1120
3639139247;40.2532599999891;14.9527299999807;1121
3639139247;40.2535499999889;14.95240999998;1122
3639139247;40.2543799999884;14.951429999978;1123
3639139247;40.2546699999883;14.9511999999775;1124
3639139247;40.2554899999881;14.9506399999761;1125
3639139247;40.255919999988;14.9503899999754;1126
3639139247;40.256169999988;14.9503099999752;1127
3639139247;40.2568999999881;14.9502199999746;1128
3639139247;40.2571599999882;14.9501399999743;1129
3639139247;40.2573799999881;14.949999999974;1130
3639139247;40.2583399999879;14.9491299999719;1131
3639139247;40.2620199999876;14.9457099999635;1132
3639139247;40.2624999999877;14.9453499999625;1133
3639139247;40.2626699999878;14.9453899999625;1134
3639139247;40.2627499999878;14.9453099999623;1135
3639139247;40.2630099999879;14.945189999962;1136
3639139247;40.2639799999883;14.9450599999613;1137
3639139247;40.2668199999898;14.9445799999591;1138
3639139247;40.2686199999908;14.9442299999577;1139
3639139247;40.2715799999927;14.9436999999557;1140
3639139247;40.2717099999928;14.9437299999558;1141
3639139247;40.2720999999931;14.9439199999561;1142
3639139247;40.2725499999935;14.9441699999566;1143
3639139247;40.2743299999948;14.9444099999568;1144
3639139247;40.2746099999951;14.944529999957;1145
3639139247;40.2747399999952;14.9446499999572;1146
3639139247;40.2750999999955;14.9450699999581;1147
3639139247;40.2757299999961;14.9457099999594;1148
3639139247;40.2759699999962;14.9458599999597;1149
3639139247;40.2761999999964;14.9459499999599;1150
3639139247;40.2764699999966;14.9459899999599;1151
3639139247;40.2768499999969;14.9459799999599;1152
3639139247;40.2774399999973;14.9458399999595;1153
3639139247;40.2778299999976;14.9458199999595;1154
3639139247;40.2786999999982;14.9458499999595;1155
3639139247;40.2802999999994;14.9461699999601;1156
3639139247;40.2805999999996;14.9462899999603;1157
3639139247;40.2815100000002;14.9467799999613;1158
3639139247;40.2817000000003;14.9469399999617;1159
3639139247;40.2822900000007;14.947589999963;1160
3639139247;40.2824500000008;14.9477399999633;1161
3639139247;40.282760000001;14.9478799999636;1162
3639139247;40.2836000000016;14.9480099999639;1163
3639139247;40.2838600000018;14.9481099999641;1164
3639139247;40.2840300000018;14.9482499999644;1165
3639139247;40.284220000002;14.9484599999648;1166
3639139247;40.2844500000021;14.9488399999656;1167
3639139247;40.2848200000022;14.9495199999669;1168
3639139247;40.2851000000024;14.9498699999676;1169
3639139247;40.2854800000026;14.9501899999682;1170
3639139247;40.2858000000028;14.9503899999686;1171
3639139247;40.2860500000029;14.9505199999689;1172
3639139247;40.2865000000031;14.9508199999695;1173
3639139247;40.2867700000033;14.9509299999697;1174
3639139247;40.2877300000038;14.9514399999707;1175
3639139247;40.2881600000039;14.9517099999712;1176
3639139247;40.2885100000041;14.9519599999717;1177
3639139247;40.2889500000042;14.9524399999726;1178
3639139247;40.2895400000044;14.9531399999739;1179
3639139247;40.2899100000045;14.9534599999744;1180
3639139247;40.2901900000046;14.9536699999748;1181
3639139247;40.2904000000047;14.9537899999751;1182
3639139247;40.2912200000055;14.9519599999722;1183
3639139247;40.2914000000057;14.9514299999714;1184
3639139247;40.2911100000057;14.9511099999707;1185
3639139247;40.291197034622;14.9509953267885;1186
3639139247;40.2911100000057;14.9511099999707;1187
3639139247;40.2914500000057;14.9514899999715;1188
3639139247;40.2916200000058;14.9516399999718;1189
3639139247;40.292040000006;14.9518499999722;1190
3639139247;40.2924300000061;14.9520699999727;1191
3639139247;40.2928700000062;14.9523999999733;1192
3639139247;40.2930600000063;14.9526099999737;1193
3639139247;40.2933100000063;14.9529499999744;1194
3639139247;40.2935200000063;14.953309999975;1195
3639139247;40.2936900000063;14.9536499999756;1196
3639139247;40.2938800000062;14.9541399999764;1197
3639139247;40.2940500000061;14.9546699999772;1198
3639139247;40.294070000006;14.9550199999777;1199
3639139247;40.2941400000059;14.9556799999787;1200
3639139247;40.2941900000059;14.9557999999789;1201
3639139247;40.2943000000059;14.9559399999791;1202
3639139247;40.2945900000059;14.9561599999795;1203
3639139247;40.2946900000059;14.9561999999796;1204
3639139247;40.2953700000062;14.95633999998;1205
3639139247;40.2957200000062;14.9565299999803;1206
3639139247;40.2958500000063;14.9565499999804;1207
3639139247;40.2959300000063;14.9564999999804;1208
3639139247;40.2960000000064;14.9563899999802;1209
3639139247;40.2964000000063;14.9571199999813;1210
3639139247;40.2966700000062;14.9575199999819;1211
3639139247;40.2977400000061;14.958919999984;1212
3639139247;40.2986900000059;14.9602299999859;1213
3639139247;40.2988000000058;14.9605099999862;1214
3639139247;40.2988300000057;14.9607599999865;1215
3639139247;40.2988000000056;14.9610099999868;1216
3639139247;40.2987000000055;14.961299999987;1217
3639139247;40.2985300000054;14.9615299999872;1218
3639139247;40.2983500000053;14.9616699999873;1219
3639139247;40.2979300000052;14.9617899999873;1220
3639139247;40.2975500000051;14.9618399999873;1221
3639139247;40.2974400000051;14.9619099999873;1222
3639139247;40.297360000005;14.9620199999874;1223
3639139247;40.297270000005;14.9621899999876;1224
3639139247;40.2972100000049;14.9623599999877;1225
3639139247;40.2972100000049;14.9624999999879;1226
3639139247;40.2972300000048;14.962609999988;1227
3639139247;40.2973000000048;14.9627199999881;1228
3639139247;40.2975400000048;14.9629199999884;1229
3639139247;40.2977200000048;14.9631099999886;1230
3639139247;40.2978500000048;14.9633099999888;1231
3639139247;40.2983200000045;14.9643299999899;1232
3639139247;40.2985500000044;14.9647599999904;1233
3639139247;40.2987100000044;14.9649599999906;1234
3639139247;40.2992200000044;14.965239999991;1235
3639139247;40.2993500000043;14.9653499999911;1236
3639139247;40.2994600000043;14.9655199999913;1237
3639139247;40.2996400000041;14.9662299999919;1238
3639139247;40.299770000004;14.9665799999923;1239
3639139247;40.3000200000039;14.9670299999927;1240
3639139247;40.3004100000038;14.9674499999931;1241
3639139247;40.3005500000037;14.9677399999934;1242
3639139247;40.3005500000037;14.9678999999935;1243
3639139247;40.3004900000036;14.9680999999936;1244
3639139247;40.3003800000035;14.9683299999937;1245
3639139247;40.3002100000035;14.9685399999938;1246
3639139247;40.3000200000034;14.9687099999939;1247
3639139247;40.2998600000033;14.9688199999939;1248
3639139247;40.2997800000033;14.968939999994;1249
3639139247;40.2997400000033;14.9690999999941;1250
3639139247;40.2997800000032;14.9693499999943;1251
3639139247;40.2998700000032;14.9694799999944;1252
3639139247;40.3001000000031;14.9696999999946;1253
3639139247;40.3001900000031;14.9698299999947;1254
3639139247;40.3002100000031;14.9699299999948;1255
3639139247;40.300200000003;14.9700799999949;1256
3639139247;40.300150000003;14.9702199999949;1257
3639139247;40.2992600000028;14.9710099999952;1258
3639139247;40.2991700000027;14.9711499999953;1259
3639139247;40.2990400000026;14.9716399999955;1260
3639139247;40.2990100000025;14.9719099999957;1261
3639139247;40.2990500000025;14.9722099999958;1262
3639139247;40.2991700000024;14.972439999996;1263
3639139247;40.2992600000024;14.9725699999961;1264
3639139247;40.2994200000023;14.9727299999962;1265
3639139247;40.2998200000022;14.9730499999964;1266
3639139247;40.2999100000022;14.9731499999965;1267
3639139247;40.2999800000022;14.9732599999966;1268
3639139247;40.3000200000021;14.9734099999967;1269
3639139247;40.3000400000021;14.9735899999968;1270
3639139247;40.3000200000021;14.9737899999969;1271
3639139247;40.299950000002;14.974019999997;1272
3639139247;40.2995100000018;14.9748399999972;1273
3639139247;40.2993000000018;14.9750499999973;1274
3639139247;40.2990800000017;14.9753499999974;1275
3639139247;40.2989900000017;14.9756099999975;1276
3639139247;40.2989700000017;14.9757599999975;1277
3639139247;40.2989600000016;14.9762799999977;1278
3639139247;40.2990200000015;14.9767099999979;1279
3639139247;40.2990300000014;14.977039999998;1280
3639139247;40.2990200000014;14.9771699999981;1281
3639139247;40.2989200000013;14.9774399999981;1282
3639139247;40.2987000000013;14.9778599999983;1283
3639139247;40.2986000000012;14.9781199999983;1284
3639139247;40.2985500000011;14.9784699999984;1285
3639139247;40.2985400000011;14.9787099999985;1286
3639139247;40.298550000001;14.9789099999986;1287
3639139247;40.298570000001;14.9790199999986;1288
3639139247;40.298600000001;14.9791399999986;1289
3639139247;40.2988200000009;14.9795999999988;1290
3639139247;40.2989900000008;14.9797999999989;1291
3639139247;40.2991400000008;14.979919999999;1292
3639139247;40.2995700000007;14.9801899999991;1293
3639139247;40.2998100000007;14.9803799999992;1294
3639139247;40.2998900000006;14.9805299999992;1295
3639139247;40.2999100000006;14.9806999999993;1296
3639139247;40.2999200000005;14.9812499999994;1297
3639139247;40.2999800000005;14.9813899999995;1298
3639139247;40.3003900000004;14.9817099999996;1299
3639139247;40.3006100000003;14.9819599999997;1300
3639139247;40.3015299999999;14.9831600000001;1301
3639139247;40.3021199999996;14.9841100000003;1302
3639139247;40.3024699999995;14.9847200000004;1303
3639139247;40.3027199999993;14.9852000000005;1304
3639139247;40.3029699999992;14.9855600000006;1305
3639139247;40.3030799999991;14.9858000000006;1306
3639139247;40.3033599999989;14.9866000000008;1307
3639139247;40.3036799999987;14.9874100000008;1308
3639139247;40.3038699999986;14.9877200000009;1309
3639139247;40.3041699999985;14.9881400000009;1310
3639139247;40.3042499999984;14.988340000001;1311
3639139247;40.3042799999984;14.988480000001;1312
3639139247;40.3042799999984;14.988680000001;1313
3639139247;40.3041799999983;14.989320000001;1314
3639139247;40.3041899999983;14.989530000001;1315
3639139247;40.3042399999982;14.989740000001;1316
3639139247;40.3044599999981;14.990080000001;1317
3639139247;40.3046299999981;14.990260000001;1318
3639139247;40.304859999998;14.990420000001;1319
3639139247;40.3050699999979;14.9904900000011;1320
3639139247;40.3054099999978;14.9905400000011;1321
3639139247;40.3062099999975;14.9905800000012;1322
3639139247;40.3064899999974;14.9906800000012;1323
3639139247;40.3066299999973;14.9907800000012;1324
3639139247;40.3067699999972;14.9909200000012;1325
3639139247;40.3068999999971;14.9911200000013;1326
3639139247;40.3069999999971;14.9913400000013;1327
3639139247;40.307049999997;14.9915900000012;1328
3639139247;40.307079999997;14.9919300000012;1329
3639139247;40.307039999997;14.9921200000012;1330
3639139247;40.306709999997;14.9932000000011;1331
3639139247;40.306669999997;14.9934700000011;1332
3639139247;40.3066499999969;14.993850000001;1333
3639139247;40.3066699999969;14.994210000001;1334
3639139247;40.3067099999968;14.994480000001;1335
3639139247;40.3067899999968;14.994720000001;1336
3639139247;40.3069099999967;14.994960000001;1337
3639139247;40.3070099999967;14.9950900000009;1338
3639139247;40.3079199999962;14.9958300000009;1339
3639139247;40.3081099999961;14.9960400000009;1340
3639139247;40.308249999996;14.9963300000009;1341
3639139247;40.308299999996;14.9965800000009;1342
3639139247;40.308289999996;14.9967900000008;1343
3639139247;40.308239999996;14.9971900000008;1344
3639139247;40.308019999996;14.9982600000006;1345
3639139247;40.3078399999961;14.9990100000005;1346
3639139247;40.3077799999961;14.9993600000005;1347
3639139247;40.3077799999961;14.9995800000004;1348
3639139247;40.307819999996;14.9997400000004;1349
3639139247;40.307889999996;14.9998600000004;1350
3639139247;40.308009999996;14.9999800000004;1351
3639139247;40.3081599999959;15.0000700000004;1352
3639139247;40.3085699999957;15.0002500000003;1353
3639139247;40.3093699999953;15.0007500000003;1354
3639139247;40.3096999999951;15.0011400000002;1355
3639139247;40.309829999995;15.0013400000002;1356
3639139247;40.3100599999949;15.0017800000001;1357
3639139247;40.3101799999948;15.0019300000001;1358
3639139247;40.3106399999946;15.00228;1359
3639139247;40.3110199999944;15.00265;1360
3639139247;40.3118699999939;15.0029699999999;1361
3639139247;40.313269999993;15.0037299999997;1362
3639139247;40.3138099999927;15.0038699999997;1363
3639139247;40.3142199999924;15.0038799999997;1364
3639139247;40.314809999992;15.0038499999997;1365
3639139247;40.3149499999919;15.0037699999997;1366
3639139247;40.3151199999917;15.0036399999997;1367
3639139247;40.3158799999912;15.0027099999999;1368
3639139247;40.3159999999911;15.00252;1369
3639139247;40.3161999999909;15.0020500000001;1370
3639139247;40.3162999999909;15.0019300000001;1371
3639139247;40.3167999999905;15.0015900000002;1372
3639139247;40.3168999999904;15.0015700000002;1373
3639139247;40.3170399999903;15.0016300000002;1374
3639139247;40.31729999999;15.0022000000001;1375
3639139247;40.3175299999898;15.0031999999998;1376
3639139247;40.3175199999898;15.0033299999998;1377
3639139247;40.31738999999;15.0038799999996;1378
3639139247;40.3172199999901;15.0042199999995;1379
3639139247;40.3171199999902;15.0047299999994;1380
3639139247;40.3171299999902;15.0056899999991;1381
3639139247;40.3171999999902;15.006139999999;1382
3639139247;40.3173599999901;15.0064899999989;1383
3639139247;40.3176199999899;15.0068399999988;1384
3639139247;40.3177299999898;15.0069399999988;1385
3639139247;40.3182699999894;15.0073099999986;1386
3639139247;40.3183399999893;15.0073799999986;1387
3639139247;40.3185599999892;15.0077299999985;1388
3639139247;40.3187099999891;15.0078699999984;1389
3639139247;40.3189199999889;15.0080399999984;1390
3639139247;40.3191699999887;15.0082099999983;1391
3639139247;40.3192599999886;15.0082499999983;1392
3639139247;40.3193499999885;15.0082599999983;1393
3639139247;40.3195399999884;15.0083399999982;1394
3639139247;40.319909999988;15.0087599999981;1395
3639139247;40.3200699999879;15.008869999998;1396
3639139247;40.3203799999876;15.0089999999979;1397
3639139247;40.3205399999875;15.0090899999979;1398
3639139247;40.3206599999874;15.0092099999979;1399
3639139247;40.3207999999873;15.0095199999977;1400
3639139247;40.3210199999871;15.0099399999976;1401
3639139247;40.3210699999871;15.0100999999975;1402
3639139247;40.3211199999871;15.0104799999974;1403
3639139247;40.3211399999872;15.0115299999971;1404
3639139247;40.3212299999872;15.011929999997;1405
3639139247;40.3213299999871;15.0120499999969;1406
3639139247;40.321509999987;15.0121499999969;1407
3639139247;40.3216199999869;15.0121799999969;1408
3639139247;40.3217799999867;15.0121599999968;1409
3639139247;40.3218999999866;15.0120999999968;1410
3639139247;40.3220099999864;15.0119699999969;1411
3639139247;40.3221999999862;15.0117999999969;1412
3639139247;40.322369999986;15.0116999999969;1413
3639139247;40.3225499999858;15.0116699999969;1414
3639139247;40.3226399999857;15.0116899999968;1415
3639139247;40.3228699999855;15.0118399999968;1416
3639139247;40.3230399999853;15.0118899999967;1417
3639139247;40.324199999984;15.0118899999965;1418
3639139247;40.3243199999839;15.0119199999965;1419
3639139247;40.3244299999838;15.0120099999964;1420
3639139247;40.3245299999837;15.0121599999964;1421
3639139247;40.3245899999836;15.0123199999963;1422
3639139247;40.3246499999836;15.0125799999962;1423
3639139247;40.3247199999836;15.0126999999962;1424
3639139247;40.3248199999835;15.0127599999961;1425
3639139247;40.3249199999833;15.0127599999961;1426
3639139247;40.3249899999832;15.0127099999961;1427
3639139247;40.325119999983;15.0125499999961;1428
3639139247;40.3253699999827;15.0121799999962;1429
3639139247;40.3255999999823;15.0119099999963;1430
3639139247;40.3256999999822;15.0118399999963;1431
3639139247;40.3259299999819;15.0117999999962;1432
3639139247;40.3267199999809;15.0118699999961;1433
3639139247;40.3268299999808;15.0118499999961;1434
3639139247;40.3269499999806;15.0117899999961;1435
3639139247;40.3271999999802;15.0115099999961;1436
3639139247;40.32731999998;15.0114399999961;1437
3639139247;40.3274799999798;15.0113799999961;1438
3639139247;40.3277099999795;15.0113399999961;1439
3639139247;40.3280499999791;15.011349999996;1440
3639139247;40.3286999999781;15.011229999996;1441
3639139247;40.3288599999779;15.0112399999959;1442
3639139247;40.3290599999776;15.0113099999959;1443
3639139247;40.3291999999774;15.0113199999959;1444
3639139247;40.3292899999773;15.0113099999958;1445
3639139247;40.3293899999771;15.0112499999958;1446
3639139247;40.3294999999769;15.0111099999959;1447
3639139247;40.3295499999768;15.0109899999959;1448
3639139247;40.3296299999767;15.0105699999961;1449
3639139247;40.3297199999765;15.0103599999962;1450
3639139247;40.3298499999762;15.0101199999963;1451
3639139247;40.3300199999759;15.0098699999964;1452
3639139247;40.3302899999755;15.0095999999965;1453
3639139247;40.3310899999742;15.0090699999966;1454
3639139247;40.3313799999737;15.0087599999967;1455
3639139247;40.3316899999731;15.0084899999968;1456
3639139247;40.3321299999724;15.0083299999968;1457
3639139247;40.3322699999722;15.0082399999969;1458
3639139247;40.332359999972;15.0081099999969;1459
3639139247;40.3326399999715;15.0075299999972;1460
3639139247;40.3327799999712;15.0073099999973;1461
3639139247;40.3334699999699;15.0064599999977;1462
3639139247;40.3336899999695;15.0060999999979;1463
3639139247;40.3340799999688;15.0052899999983;1464
3639139247;40.3341899999686;15.0049799999985;1465
3639139247;40.3343099999683;15.0047099999987;1466
3639139247;40.3344199999681;15.0045499999988;1467
3639139247;40.3346099999678;15.0043299999989;1468
3639139247;40.3347399999675;15.004219999999;1469
3639139247;40.3354499999662;15.0037899999992;1470
3639139247;40.3361899999648;15.0032599999995;1471
3639139247;40.3364899999642;15.0028399999998;1472
3639139247;40.3366399999639;15.0026699999999;1473
3639139247;40.3369499999633;15.0026599999999;1474
3639139247;40.337109999963;15.0028299999998;1475
3639139247;40.3372599999627;15.0033099999994;1476
3639139247;40.3375199999622;15.0042499999988;1477
3639139247;40.337619999962;15.0047499999985;1478
3639139247;40.3376799999619;15.0049299999984;1479
3639139247;40.3378999999615;15.0057799999978;1480
3639139247;40.3379399999615;15.0060199999976;1481
3639139247;40.338199999961;15.0070099999969;1482
3639139247;40.3384699999607;15.0081699999961;1483
3639139247;40.3386499999604;15.0087599999957;1484
3639139247;40.3388199999601;15.0093899999952;1485
3639139247;40.33887999996;15.009679999995;1486
3639139247;40.33889999996;15.009749999995;1487
3639139247;40.3389399999599;15.0098099999949;1488
3639139247;40.3390199999598;15.0098399999949;1489
3639139247;40.3390599999597;15.009729999995;1490
3639139247;40.3392999999591;15.0093599999952;1491
3639139247;40.3395099999586;15.0090899999953;1492
3639139247;40.3396799999582;15.0089199999954;1493
3639139247;40.3402999999568;15.0084899999956;1494
3639139247;40.3407499999557;15.0081499999958;1495
3639139247;40.3415799999537;15.0072399999964;1496
3639139247;40.3419899999527;15.0067599999967;1497
3639139247;40.3423299999518;15.0062199999971;1498
3639139247;40.3431499999497;15.0047199999982;1499
3639139247;40.3433199999493;15.0043099999985;1500
3639139247;40.3436899999484;15.003699999999;1501
3639139247;40.3440999999473;15.0031199999995;1502
3639139247;40.3447599999456;15.00251;1503
3639139247;40.345399999944;15.0019700000005;1504
3639139247;40.346169999942;15.0014900000009;1505
3639139247;40.3466999999405;15.0012400000011;1506
3639139247;40.3466799999406;15.0009200000014;1507
3639139247;40.3467299999405;15.0007000000016;1508
3639139247;40.3472799999391;14.9990300000032;1509
3639139247;40.3473699999389;14.9986900000035;1510
3639139247;40.3475199999385;14.9983600000038;1511
3639139247;40.3475999999383;14.9982200000039;1512
3639139247;40.3476399999382;14.9982500000039;1513
3639139247;40.3476799999381;14.9982400000039;1514
3639139247;40.347709999938;14.998210000004;1515
3639139247;40.3477299999379;14.998160000004;1516
3639139247;40.3477299999379;14.9981000000041;1517
3639139247;40.3476599999382;14.9980300000041;1518
3639139247;40.3479799999373;14.9974300000047;1519
3639139247;40.3482599999366;14.9969700000052;1520
3639139247;40.3487707675466;14.995906158754;1521