shape_id;shape_pt_lat;shape_pt_lon;shape_pt_sequence
1969921889;40.2308482153028;15.2641786613969;1
1969921889;40.2308100000002;15.2641499999996;2
1969921889;40.2305800000001;15.2640799999996;3
1969921889;40.2304200000001;15.2640799999996;4
1969921889;40.2303100000001;15.2641099999996;5
1969921889;40.2302100000001;15.2640699999996;6
1969921889;40.2300200000001;15.2643099999996;7
1969921889;40.2297000000001;15.2646499999997;8
1969921889;40.2300300000001;15.2649499999997;9
1969921889;40.2305100000001;15.2652599999997;10
1969921889;40.2323300000001;15.2662699999998;11
1969921889;40.2324900000001;15.2663899999999;12
1969921889;40.2325900000001;15.2664999999999;13
1969921889;40.2327500000001;15.2667199999999;14
1969921889;40.2328400000001;15.2669999999999;15
1969921889;40.23305;15.2679;16
1969921889;40.2338799999999;15.272;17
1969921889;40.2338999999999;15.27225;18
1969921889;40.2338499999999;15.27262;19
1969921889;40.2337599999999;15.27288;20
1969921889;40.2336699999999;15.27306;21
1969921889;40.2333899999999;15.27338;22
1969921889;40.2331599999999;15.27354;23
1969921889;40.2329799999999;15.27363;24
1969921889;40.2327099999999;15.27367;25
1969921889;40.2324699999999;15.27361;26
1969921889;40.2322999999999;15.27355;27
1969921889;40.23215;15.27347;28
1969921889;40.23132;15.27293;29
1969921889;40.23124;15.27281;30
1969921889;40.23119;15.27261;31
1969921889;40.23104;15.27273;32
1969921889;40.23086;15.27275;33
1969921889;40.23037;15.27263;34
1969921889;40.22999;15.27256;35
1969921889;40.22981;15.27249;36
1969921889;40.22954;15.27235;37
1969921889;40.22916;15.27198;38
1969921889;40.2288;15.27155;39
1969921889;40.22864;15.27145;40
1969921889;40.22846;15.2714;41
1969921889;40.22785;15.27131;42
1969921889;40.22695;15.27114;43
1969921889;40.22639;15.27108;44
1969921889;40.22557;15.27114;45
1969921889;40.22475;15.27132;46
1969921889;40.22353;15.27183;47
1969921889;40.22313;15.27196;48
1969921889;40.22293;15.27193;49
1969921889;40.222;15.27189;50
1969921889;40.2215;15.27185;51
1969921889;40.22116;15.27193;52
1969921889;40.22102;15.27201;53
1969921889;40.22084;15.27215;54
1969921889;40.21989;15.27267;55
1969921889;40.21919;15.2731;56
1969921889;40.21879;15.27337;57
1969921889;40.2185300000001;15.27351;58
1969921889;40.2183600000001;15.27367;59
1969921889;40.2182700000001;15.27384;60
1969921889;40.2182400000001;15.27396;61
1969921889;40.2182400000001;15.27404;62
1969921889;40.2182700000001;15.27415;63
1969921889;40.2183400000001;15.27426;64
1969921889;40.2184600000001;15.27435;65
1969921889;40.2195000000001;15.27475;66
1969921889;40.22028;15.27515;67
1969921889;40.22042;15.27528;68
1969921889;40.22051;15.27545;69
1969921889;40.22056;15.27562;70
1969921889;40.22056;15.27575;71
1969921889;40.22054;15.27589;72
1969921889;40.22045;15.27614;73
1969921889;40.22025;15.27633;74
1969921889;40.21992;15.27652;75
1969921889;40.2188300000001;15.27708;76
1969921889;40.2188500000001;15.27733;77
1969921889;40.2186700000001;15.27855;78
1969921889;40.2185800000001;15.27879;79
1969921889;40.2185300000001;15.27912;80
1969921889;40.2185200000001;15.27942;81
1969921889;40.2185500000001;15.27954;82
1969921889;40.2186200000001;15.27963;83
1969921889;40.22018;15.28026;84
1969921889;40.22024;15.28037;85
1969921889;40.22029;15.28111;86
1969921889;40.22041;15.28149;87
1969921889;40.2205;15.28184;88
1969921889;40.22052;15.28204;89
1969921889;40.22059;15.28209;90
1969921889;40.22086;15.28244;91
1969921889;40.22105;15.28259;92
1969921889;40.22148;15.28279;93
1969921889;40.22162;15.28291;94
1969921889;40.22181;15.2832;95
1969921889;40.22191;15.2834100000001;96
1969921889;40.2219;15.2835200000001;97
1969921889;40.22186;15.2836;98
1969921889;40.22169;15.2836300000001;99
1969921889;40.22152;15.28374;100
1969921889;40.22137;15.2839000000001;101
1969921889;40.2217899999999;15.2846900000001;102
1969921889;40.2219399999999;15.2851000000001;103
1969921889;40.2219499999999;15.2855300000001;104
1969921889;40.2219299999999;15.2857900000001;105
1969921889;40.2218799999999;15.2860300000002;106
1969921889;40.2217399999999;15.2863600000002;107
1969921889;40.2217199999999;15.2865700000002;108
1969921889;40.2217599999999;15.2866400000002;109
1969921889;40.2221799999999;15.2867100000002;110
1969921889;40.2223399999999;15.2868600000002;111
1969921889;40.2225499999999;15.2875700000003;112
1969921889;40.2229299999999;15.2882500000003;113
1969921889;40.2232099999999;15.2885800000004;114
1969921889;40.2236499999999;15.2889600000004;115
1969921889;40.2238399999999;15.2891600000004;116
1969921889;40.2239099999999;15.2892400000004;117
1969921889;40.2240499999999;15.2894900000005;118
1969921889;40.22415;15.2897600000005;119
1969921889;40.2241799999999;15.2899800000005;120
1969921889;40.2242299999999;15.2901300000005;121
1969921889;40.2241899999999;15.2901600000006;122
1969921889;40.2241799999999;15.2901900000006;123
1969921889;40.2242099999999;15.2902400000006;124
1969921889;40.2242299999999;15.2902500000006;125
1969921889;40.2242699999999;15.2902200000006;126
1969921889;40.2242799999999;15.2901900000006;127
1969921889;40.2242699999999;15.2901600000006;128
1969921889;40.22445;15.2899800000005;129
1969921889;40.22471;15.2897800000005;130
1969921889;40.22495;15.2897200000005;131
1969921889;40.22491;15.2895500000005;132
1969921889;40.22483;15.2893500000005;133
1969921889;40.22476;15.2890800000004;134
1969921889;40.22471;15.2879100000003;135
1969921889;40.22471;15.2874800000003;136
1969921889;40.22467;15.2869100000002;137
1969921889;40.22472;15.2867000000002;138
1969921889;40.22487;15.2862800000002;139
1969921889;40.22492;15.2860500000002;140
1969921889;40.22492;15.2858900000002;141
1969921889;40.22487;15.2856200000002;142
1969921889;40.22484;15.2853500000002;143
1969921889;40.22485;15.2851300000001;144
1969921889;40.2249;15.2848700000001;145
1969921889;40.2249;15.2845600000001;146
1969921889;40.22487;15.2845500000001;147
1969921889;40.22483;15.2844800000001;148
1969921889;40.22482;15.2843700000001;149
1969921889;40.22491;15.2839400000001;150
1969921889;40.22493;15.2836700000001;151
1969921889;40.22484;15.2835200000001;152
1969921889;40.22465;15.2833400000001;153
1969921889;40.22445;15.2831800000001;154
1969921889;40.2240140299148;15.2827168655906;155