shape_id;shape_pt_lat;shape_pt_lon;shape_pt_sequence
780966585;40.674899945931;14.73769246841;1
780966585;40.6746899899985;14.7375699199945;2
780966585;40.6745566199985;14.7375287399945;3
780966585;40.6727670799981;14.7365228899941;4
780966585;40.672659999998;14.736319999994;5
780966585;40.672689999998;14.7362099999939;6
780966585;40.672679999998;14.7360499999938;7
780966585;40.672589999998;14.7358499999937;8
780966585;40.6724899999979;14.7358099999937;9
780966585;40.6723399999979;14.7358199999937;10
780966585;40.6722499999979;14.7359499999938;11
780966585;40.6722299999979;14.7361399999939;12
780966585;40.672249999998;14.736249999994;13
780966585;40.672369999998;14.736389999994;14
780966585;40.6736799999983;14.7371799999944;15
780966585;40.6741199999984;14.7373799999944;16
780966585;40.6747899999986;14.7377699999946;17
780966585;40.6752299999987;14.7380799999947;18
780966585;40.6755599999987;14.738589999995;19
780966585;40.6759499999989;14.7392499999953;20
780966585;40.6761599999989;14.7397299999955;21
780966585;40.6773799999993;14.7429999999969;22
780966585;40.6774999999994;14.7434099999971;23
780966585;40.6776999999994;14.7445699999975;24
780966585;40.6778699999995;14.7449499999976;25
780966585;40.6779099999995;14.7451999999977;26
780966585;40.6779499999995;14.7459899999979;27
780966585;40.6779099999996;14.7476499999984;28
780966585;40.6779899999996;14.7484599999986;29
780966585;40.6779899999997;14.7491399999987;30
780966585;40.6779099999997;14.7498799999989;31
780966585;40.6778199999997;14.7513599999992;32
780966585;40.6777299999998;14.7517799999992;33
780966585;40.6776399999998;14.7520499999993;34
780966585;40.6776899999998;14.7521399999993;35
780966585;40.6775499999998;14.7538699999995;36
780966585;40.6779899999998;14.7539499999995;37
780966585;40.6779699999998;14.7543099999996;38
780966585;40.6780999999999;14.7555499999997;39
780966585;40.6781699999999;14.7558699999997;40
780966585;40.6782099999999;14.7572799999998;41
780966585;40.6781099999999;14.7580099999999;42
780966585;40.6778799999999;14.7588399999999;43
780966585;40.6777499999999;14.7591699999999;44
780966585;40.67748;14.76002;45
780966585;40.67723;14.76097;46
780966585;40.67715;14.76122;47
780966585;40.67691;14.76182;48
780966585;40.6766;14.76277;49
780966585;40.6764;14.76341;50
780966585;40.67621;14.76418;51
780966585;40.6754100000001;14.76672;52
780966585;40.6758300000001;14.76693;53
780966585;40.67614;14.76577;54
780966585;40.6763000000001;14.76524;55
780966585;40.67711;14.7656;56
780966585;40.67745;14.76572;57
780966585;40.6782;14.76604;58
780966585;40.67812;14.76637;59
780966585;40.67832;14.76705;60
780966585;40.67865;14.76784;61
780966585;40.6788;14.76824;62
780966585;40.6789;14.76858;63
780966585;40.67916;14.76914;64
780966585;40.67923;14.76949;65
780966585;40.67944;14.77007;66
780966585;40.67961;14.77016;67
780966585;40.67933;14.77147;68
780966585;40.6793;14.77177;69
780966585;40.67919;14.77225;70
780966585;40.67908;14.77259;71
780966585;40.67935;14.77295;72
780966585;40.6795;14.77321;73
780966585;40.67989;14.77365;74
780966585;40.67945;14.7744000000001;75
780966585;40.68038;14.7744400000001;76
780966585;40.68114;14.7742000000001;77
780966585;40.68117;14.7742800000001;78
780966585;40.68121;14.7743200000001;79
780966585;40.68129;14.7743300000001;80
780966585;40.68136;14.7746400000001;81
780966585;40.68145;14.7746300000001;82
780966585;40.6816;14.7746900000001;83
780966585;40.68262;14.7752500000001;84
780966585;40.68371;14.7760400000001;85
780966585;40.68516;14.7769800000002;86
780966585;40.6858300000001;14.7772600000002;87
780966585;40.6861400000001;14.7773000000002;88
780966585;40.6866100000001;14.7773000000002;89
780966585;40.6866900000001;14.7773800000002;90
780966585;40.6874800000001;14.7773300000002;91
780966585;40.6878000000001;14.7772700000002;92
780966585;40.6884800000001;14.7772100000001;93
780966585;40.6886000000001;14.7772300000001;94
780966585;40.6888100000001;14.7772000000001;95
780966585;40.6891400000001;14.7772000000001;96
780966585;40.6894100000001;14.7772900000001;97
780966585;40.6894400000001;14.7774300000001;98
780966585;40.6894300000001;14.7778900000002;99
780966585;40.6895000000001;14.7781600000002;100
780966585;40.6898100000001;14.7787200000002;101
780966585;40.6902200000001;14.7790800000002;102
780966585;40.6913300000002;14.7799700000003;103
780966585;40.6914300000002;14.7801100000003;104
780966585;40.6915900000002;14.7802500000003;105
780966585;40.6914600000002;14.7806800000003;106
780966585;40.6913500000002;14.7809500000004;107
780966585;40.6909800000003;14.7816700000005;108
780966585;40.6907100000003;14.7824000000006;109
780966585;40.6903600000003;14.7830000000007;110
780966585;40.6903200000003;14.7831800000007;111
780966585;40.6902900000003;14.7834800000007;112
780966585;40.6896800000004;14.7839200000008;113
780966585;40.6902500000005;14.7852100000011;114
780966585;40.6905000000005;14.7856300000011;115
780966585;40.6906500000005;14.7857600000012;116
780966585;40.6907900000005;14.7860300000012;117
780966585;40.6908900000006;14.7863000000013;118
780966585;40.6914400000006;14.7869300000014;119
780966585;40.6918700000007;14.7875700000015;120
780966585;40.6922900000007;14.7879700000016;121
780966585;40.6924000000008;14.7883900000017;122
780966585;40.6925000000008;14.7889700000018;123
780966585;40.6927000000009;14.7894200000019;124
780966585;40.6927200000009;14.789570000002;125
780966585;40.692690000001;14.7901300000022;126
780966585;40.692640000001;14.7904500000023;127
780966585;40.692660000001;14.7906600000024;128
780966585;40.6926700000011;14.7911900000025;129
780966585;40.6926300000011;14.7914500000026;130
780966585;40.6925400000011;14.7918200000028;131
780966585;40.6920100000011;14.792310000003;132
780966585;40.6919300000011;14.7924600000031;133
780966585;40.6919500000011;14.7925900000031;134
780966585;40.6921900000012;14.7931300000033;135
780966585;40.6921800000013;14.7935100000035;136
780966585;40.6920000000013;14.7939700000037;137
780966585;40.6919800000013;14.7940700000038;138
780966585;40.6920600000014;14.794520000004;139
780966585;40.6924400000015;14.7949300000041;140
780966585;40.6929600000015;14.7950400000041;141
780966585;40.6930300000016;14.7951200000042;142
780966585;40.6932200000017;14.7958100000045;143
780966585;40.6933700000017;14.7960600000046;144
780966585;40.6934900000018;14.7963000000047;145
780966585;40.6934900000018;14.7964800000048;146
780966585;40.6931400000018;14.7970200000052;147
780966585;40.6930200000018;14.7971400000053;148
780966585;40.692850000002;14.798420000006;149
780966585;40.6927417698009;14.798952162379;150