shape_id;shape_pt_lat;shape_pt_lon;shape_pt_sequence
2490524337;40.6748999459266;14.7376924683965;1
2490524337;40.6746899899941;14.7375699199809;2
2490524337;40.6745566199941;14.7375287399809;3
2490524337;40.6727670799932;14.73652288998;4
2490524337;40.672659999993;14.7363199999797;5
2490524337;40.672689999993;14.7362099999796;6
2490524337;40.672679999993;14.7360499999793;7
2490524337;40.6725899999929;14.7358499999791;8
2490524337;40.6724899999928;14.735809999979;9
2490524337;40.6723399999928;14.7358199999791;10
2490524337;40.6722499999928;14.7359499999793;11
2490524337;40.6722299999928;14.7361399999796;12
2490524337;40.6722499999929;14.7362499999797;13
2490524337;40.672369999993;14.7363899999799;14
2490524337;40.6736799999937;14.7371799999806;15
2490524337;40.6741199999939;14.7373799999808;16
2490524337;40.6747899999942;14.7377699999811;17
2490524337;40.6752299999945;14.7380799999814;18
2490524337;40.6755599999947;14.738589999982;19
2490524337;40.675949999995;14.7392499999827;20
2490524337;40.6761599999952;14.7397299999833;21
2490524337;40.6773799999963;14.7429999999868;22
2490524337;40.6774999999964;14.7434099999872;23
2490524337;40.6776999999967;14.7445699999883;24
2490524337;40.6778699999968;14.7449499999886;25
2490524337;40.6779099999968;14.7451999999888;26
2490524337;40.677949999997;14.7459899999896;27
2490524337;40.6779099999973;14.747649999991;28
2490524337;40.6779899999974;14.7484599999916;29
2490524337;40.6779899999975;14.7491399999921;30
2490524337;40.6779099999976;14.7498799999927;31
2490524337;40.6778199999978;14.7513599999937;32
2490524337;40.6777299999979;14.751779999994;33
2490524337;40.6776399999979;14.7520499999941;34
2490524337;40.6776899999979;14.7521399999942;35
2490524337;40.6775499999982;14.7538699999952;36
2490524337;40.6779899999982;14.7539499999952;37
2490524337;40.6779699999983;14.7543099999954;38
2490524337;40.6780999999985;14.755549999996;39
2490524337;40.6781699999985;14.7558699999961;40
2490524337;40.6782099999987;14.7572799999968;41
2490524337;40.6781099999988;14.7580099999971;42
2490524337;40.6778799999988;14.7588399999974;43
2490524337;40.6777499999989;14.7591699999976;44
2490524337;40.677479999999;14.7600199999979;45
2490524337;40.6772299999991;14.7609699999982;46
2490524337;40.6771499999991;14.7612199999983;47
2490524337;40.6769099999992;14.7618199999985;48
2490524337;40.6765999999992;14.7627699999987;49
2490524337;40.6763999999993;14.7634099999989;50
2490524337;40.6762099999994;14.7641799999991;51
2490524337;40.6754099999997;14.7667199999996;52
2490524337;40.6758299999997;14.7669299999996;53
2490524337;40.6761399999996;14.7657699999994;54
2490524337;40.6762999999995;14.7652399999993;55
2490524337;40.6771099999995;14.7655999999993;56
2490524337;40.6774499999995;14.7657199999993;57
2490524337;40.6781999999996;14.7660399999993;58
2490524337;40.6781199999996;14.7663699999993;59
2490524337;40.6783199999996;14.7670499999994;60
2490524337;40.6786499999997;14.7678399999995;61
2490524337;40.6787999999997;14.7682399999996;62
2490524337;40.6788999999997;14.7685799999996;63
2490524337;40.6791599999998;14.7691399999997;64
2490524337;40.6792299999998;14.7694899999997;65
2490524337;40.6794399999998;14.7700699999997;66
2490524337;40.6796099999998;14.7701599999997;67
2490524337;40.6798199999998;14.7694999999997;68
2490524337;40.6800999999997;14.7679999999995;69
2490524337;40.6802099999997;14.7677199999994;70
2490524337;40.6806599999997;14.7678999999994;71
2490524337;40.6812599999997;14.7681899999994;72
2490524337;40.6820999999998;14.7688499999995;73
2490524337;40.6832999999997;14.7663699999991;74
2490524337;40.6833699999997;14.7664399999991;75
2490524337;40.6833899999997;14.7665799999991;76
2490524337;40.6835299999997;14.7668499999991;77
2490524337;40.6838199999998;14.7673399999992;78
2490524337;40.6843799999998;14.7686199999994;79
2490524337;40.6848399999999;14.7693399999995;80
2490524337;40.6858999999999;14.7704099999996;81
2490524337;40.6862999999999;14.7706499999996;82
2490524337;40.6865599999999;14.7710199999996;83
2490524337;40.6862999999999;14.7711999999996;84
2490524337;40.6853499999999;14.7706699999996;85
2490524337;40.6851499999999;14.7707499999996;86
2490524337;40.6847399999999;14.7703599999996;87
2490524337;40.6844399999999;14.7709399999996;88
2490524337;40.6843099999999;14.7710499999997;89
2490524337;40.6841399999999;14.7713799999997;90
2490524337;40.6833999999999;14.7726499999998;91
2490524337;40.6831799999999;14.7728799999998;92
2490524337;40.6828599999999;14.7729099999998;93
2490524337;40.6825599999999;14.7731599999999;94
2490524337;40.6828999999999;14.7733899999999;95
2490524337;40.6830899999999;14.7734399999999;96
2490524337;40.6832199999999;14.7734299999999;97
2490524337;40.6835299999999;14.7732399999998;98
2490524337;40.6839499999999;14.7728899999998;99
2490524337;40.6841699999999;14.7727499999998;100
2490524337;40.6847299999999;14.7736599999998;101
2490524337;40.6848199999999;14.7737799999999;102
2490524337;40.6850099999999;14.7739599999999;103
2490524337;40.6853399999999;14.7741999999999;104
2490524337;40.68591;14.7743799999999;105
2490524337;40.68685;14.7747199999999;106
2490524337;40.68704;14.7746899999999;107
2490524337;40.68707;14.7746599999999;108
2490524337;40.68713;14.7744199999999;109
2490524337;40.68736;14.7745199999999;110
2490524337;40.68775;14.7748199999999;111
2490524337;40.6881;14.7749899999999;112
2490524337;40.68816;14.7749399999999;113
2490524337;40.68828;14.7745999999999;114
2490524337;40.68839;14.7744799999999;115
2490524337;40.68974;14.7745399999999;116
2490524337;40.68996;14.7745199999999;117
2490524337;40.69034;14.7745399999999;118
2490524337;40.69202;14.7751599999999;119
2490524337;40.69193;14.7758999999999;120
2490524337;40.69217;14.7759399999999;121
2490524337;40.6926;14.7759399999999;122
2490524337;40.69315;14.7756099999999;123
2490524337;40.69345;14.7751999999999;124
2490524337;40.69362;14.7753799999999;125
2490524337;40.69379;14.77563;126
2490524337;40.69391;14.77571;127
2490524337;40.69418;14.77573;128
2490524337;40.69498;14.77587;129
2490524337;40.69511;14.77593;130
2490524337;40.69503;14.77598;131
2490524337;40.69501;14.77608;132
2490524337;40.69507;14.77625;133
2490524337;40.69514;14.77628;134
2490524337;40.6952;14.77626;135
2490524337;40.69529;14.77648;136
2490524337;40.69552;14.77682;137
2490524337;40.69576;14.77702;138
2490524337;40.69607;14.77743;139
2490524337;40.6967199999999;14.77784;140
2490524337;40.6969999999999;14.77793;141
2490524337;40.6974899999999;14.77798;142
2490524337;40.6977399999999;14.7780600000001;143
2490524337;40.6981099999999;14.7782900000001;144
2490524337;40.6982299999999;14.7785000000001;145
2490524337;40.6969199999999;14.77935;146
2490524337;40.6968499999999;14.77946;147
2490524337;40.6967799999999;14.77971;148
2490524337;40.6968199999999;14.77981;149
2490524337;40.6971599999999;14.78019;150
2490524337;40.6972099999999;14.78026;151
2490524337;40.6972299999999;14.78032;152
2490524337;40.6973399999999;14.78084;153
2490524337;40.6973099999999;14.78115;154
2490524337;40.6972899999999;14.7816;155
2490524337;40.6974599999999;14.78256;156
2490524337;40.6978199999998;14.78297;157
2490524337;40.6980599999998;14.78315;158
2490524337;40.6980499999998;14.7829;159
2490524337;40.6979999999998;14.7824;160
2490524337;40.6979299999998;14.78205;161
2490524337;40.6979399999998;14.78174;162
2490524337;40.6980199999998;14.78154;163
2490524337;40.6980899999998;14.78126;164
2490524337;40.6981499999998;14.78109;165
2490524337;40.6982699999998;14.78098;166
2490524337;40.6985399999998;14.78088;167
2490524337;40.6986999999998;14.78088;168
2490524337;40.6989399999998;14.78097;169
2490524337;40.6991299999998;14.78117;170
2490524337;40.6992199999997;14.78151;171
2490524337;40.6992899999997;14.78185;172
2490524337;40.6994399999997;14.78204;173
2490524337;40.6995699999997;14.7824;174
2490524337;40.6996199999997;14.78315;175
2490524337;40.6997099999997;14.78373;176
2490524337;40.6998399999997;14.78431;177
2490524337;40.7000999999997;14.7850999999999;178
2490524337;40.7004699999997;14.7860099999999;179
2490524337;40.7005999999997;14.7862499999999;180
2490524337;40.7008199999997;14.7868699999999;181
2490524337;40.7007399999997;14.7869599999999;182
2490524337;40.7005399999997;14.7870999999999;183
2490524337;40.7001499999997;14.7872099999999;184
2490524337;40.7000199999997;14.7872799999999;185
2490524337;40.6999599999997;14.7873699999999;186
2490524337;40.6999299999997;14.7874899999999;187
2490524337;40.6999299999997;14.7876099999999;188
2490524337;40.6999799999997;14.7877299999999;189
2490524337;40.7000799999998;14.7878099999999;190
2490524337;40.7003899999997;14.7878999999999;191
2490524337;40.7006799999997;14.7881099999999;192
2490524337;40.7008199999997;14.7882699999999;193
2490524337;40.7009299999997;14.7884199999999;194
2490524337;40.7016299999997;14.7898699999998;195
2490524337;40.7016099999998;14.7913999999998;196
2490524337;40.7016199999998;14.7919599999999;197
2490524337;40.7015099999998;14.7921999999999;198
2490524337;40.7010799999999;14.7928299999999;199
2490524337;40.7009899999999;14.7930999999999;200
2490524337;40.7009899999999;14.7933899999999;201
2490524337;40.70096;14.79406;202
2490524337;40.701;14.79418;203
2490524337;40.70106;14.79429;204
2490524337;40.70112;14.79433;205
2490524337;40.70121;14.79431;206
2490524337;40.7018099999999;14.7935199999999;207
2490524337;40.7022999999998;14.7930699999998;208
2490524337;40.7023899999998;14.7930599999998;209
2490524337;40.7025199999998;14.7931499999998;210
2490524337;40.7025299999998;14.7932399999998;211
2490524337;40.7025299999998;14.7933299999998;212
2490524337;40.7024699999998;14.7934899999998;213
2490524337;40.7024399999998;14.7937899999999;214
2490524337;40.7024499999998;14.7939499999999;215
2490524337;40.7025299999998;14.7940899999999;216
2490524337;40.7026199999998;14.7940999999999;217
2490524337;40.7028399999998;14.7939599999998;218
2490524337;40.7032399999997;14.7935699999998;219
2490524337;40.7034599999997;14.7933899999998;220
2490524337;40.7036299999997;14.7933199999998;221
2490524337;40.7040599999996;14.7932699999997;222
2490524337;40.7042599999996;14.7931799999997;223
2490524337;40.7043399999996;14.7930599999997;224
2490524337;40.7043599999996;14.7928299999997;225
2490524337;40.7044799999995;14.7927299999997;226
2490524337;40.7047999999995;14.7927699999997;227
2490524337;40.7049799999995;14.7929399999997;228
2490524337;40.7051299999995;14.7932599999997;229
2490524337;40.7053699999995;14.7935599999997;230
2490524337;40.7056999999994;14.7937299999996;231
2490524337;40.7057699999994;14.7937999999996;232
2490524337;40.7058999999994;14.7937899999996;233
2490524337;40.7059899999994;14.7936399999996;234
2490524337;40.7061099999993;14.7932899999996;235
2490524337;40.7061799999993;14.7931699999996;236
2490524337;40.7062499999993;14.7931499999996;237
2490524337;40.7063199999993;14.7931699999996;238
2490524337;40.7063599999993;14.7933299999996;239
2490524337;40.7064099999993;14.7936899999996;240
2490524337;40.7064999999993;14.7938699999996;241
2490524337;40.7066299999993;14.7940199999996;242
2490524337;40.7066399999993;14.7941899999996;243
2490524337;40.7065799999993;14.7942799999996;244
2490524337;40.7064699999994;14.7943399999996;245
2490524337;40.7061699999994;14.7943599999996;246
2490524337;40.7060199999994;14.7944299999996;247
2490524337;40.7059299999995;14.7945599999996;248
2490524337;40.7059399999995;14.7949399999997;249
2490524337;40.7059099999995;14.7950899999997;250
2490524337;40.7058399999995;14.7951999999997;251
2490524337;40.7057599999996;14.7953999999997;252
2490524337;40.7056899999996;14.7956699999997;253
2490524337;40.7056899999996;14.7959599999997;254
2490524337;40.7057499999996;14.7961799999997;255
2490524337;40.7059399999996;14.7963399999997;256
2490524337;40.7060899999996;14.7964999999997;257
2490524337;40.7062799999996;14.7969099999997;258
2490524337;40.7063499999997;14.7971599999997;259
2490524337;40.7064899999997;14.7973599999997;260
2490524337;40.7065499999997;14.7974199999997;261
2490524337;40.7065699999997;14.7975699999997;262
2490524337;40.7065399999997;14.7976699999998;263
2490524337;40.7063799999997;14.7978499999998;264
2490524337;40.7062699999998;14.7981599999998;265
2490524337;40.7063099999998;14.7982699999998;266
2490524337;40.7067399999998;14.7990599999999;267
2490524337;40.7067799999998;14.7991899999999;268
2490524337;40.7067999999999;14.7993199999999;269
2490524337;40.7067799999999;14.7995999999999;270
2490524337;40.70667;14.8;271
2490524337;40.7065500000001;14.8008100000001;272
2490524337;40.7064900000001;14.8009100000001;273
2490524337;40.7061200000002;14.8012500000002;274
2490524337;40.7055700000005;14.8026200000006;275
2490524337;40.7048100000008;14.804250000001;276
2490524337;40.7046600000009;14.8052700000013;277
2490524337;40.7045600000011;14.8063400000016;278
2490524337;40.7045500000012;14.8065900000017;279
2490524337;40.7046100000012;14.8068700000018;280
2490524337;40.7045700000012;14.8070700000019;281
2490524337;40.7044300000013;14.807250000002;282
2490524337;40.7043400000013;14.8074900000021;283
2490524337;40.7043000000014;14.8078800000022;284
2490524337;40.7043600000015;14.8082100000023;285
2490524337;40.7050900000017;14.8095100000027;286
2490524337;40.7052300000018;14.8099100000029;287
2490524337;40.7052100000018;14.810160000003;288
2490524337;40.7049100000021;14.8116300000037;289
2490524337;40.7048000000026;14.813940000005;290
2490524337;40.7048400000028;14.8146100000054;291
2490524337;40.7051300000033;14.8168100000068;292
2490524337;40.7052400000036;14.8179200000076;293
2490524337;40.7054500000039;14.8189100000083;294
2490524337;40.7054600000041;14.8195800000088;295
2490524337;40.7052000000043;14.8204000000096;296
2490524337;40.7050800000044;14.8210800000102;297
2490524337;40.7050800000047;14.8218300000109;298
2490524337;40.7050200000047;14.8220100000111;299
2490524337;40.7043100000049;14.8231900000125;300
2490524337;40.7040100000049;14.8235400000129;301
2490524337;40.703930000005;14.8237100000131;302
2490524337;40.7038100000051;14.8243000000138;303
2490524337;40.7036800000052;14.8246300000142;304
2490524337;40.7023500000053;14.8264700000167;305
2490524337;40.7019900000053;14.8270000000174;306
2490524337;40.7017800000055;14.8280800000189;307
2490524337;40.7012747417885;14.8291690790793;308
2490524337;40.7003997100054;14.829391370021;309
2490524337;40.699612547181;14.8295650259519;310