shape_id;shape_pt_lat;shape_pt_lon;shape_pt_sequence
3754127084;40.699612547178;14.8295650259371;1
3754127084;40.7003997100022;14.8293913700064;2
3754127084;40.7012747417852;14.829169079065;3
3754127084;40.7017800000022;14.8280800000054;4
3754127084;40.701990000002;14.8270000000048;5
3754127084;40.7023500000019;14.8264700000044;6
3754127084;40.7036800000017;14.8246300000033;7
3754127084;40.7038100000017;14.8243000000032;8
3754127084;40.7039300000016;14.8237100000029;9
3754127084;40.7040100000016;14.8235400000028;10
3754127084;40.7043100000015;14.8231900000026;11
3754127084;40.7050200000013;14.8220100000021;12
3754127084;40.7050800000013;14.821830000002;13
3754127084;40.7050800000012;14.8210800000018;14
3754127084;40.7052000000011;14.8204000000015;15
3754127084;40.7054600000009;14.8195800000013;16
3754127084;40.7054500000008;14.8189100000011;17
3754127084;40.7052400000007;14.8179200000009;18
3754127084;40.7051300000005;14.8168100000007;19
3754127084;40.7048400000003;14.8146100000003;20
3754127084;40.7048000000002;14.8139400000002;21
3754127084;40.7049099999999;14.81163;22
3754127084;40.7052099999998;14.8101599999998;23
3754127084;40.7052299999998;14.8099099999998;24
3754127084;40.7050899999997;14.8095099999998;25
3754127084;40.7043599999997;14.8082099999998;26
3754127084;40.7042999999997;14.8078799999998;27
3754127084;40.7043399999997;14.8074899999998;28
3754127084;40.7044299999997;14.8072499999998;29
3754127084;40.7045699999996;14.8070699999998;30
3754127084;40.7046099999996;14.8068699999998;31
3754127084;40.7045499999996;14.8065899999998;32
3754127084;40.7045599999996;14.8063399999998;33
3754127084;40.7046599999995;14.8052699999997;34
3754127084;40.7048099999994;14.8042499999998;35
3754127084;40.7055699999993;14.8026199999998;36
3754127084;40.7061199999991;14.8012499999998;37
3754127084;40.7064899999991;14.8009099999998;38
3754127084;40.7065499999991;14.8008099999998;39
3754127084;40.706669999999;14.7999999999999;40
3754127084;40.706779999999;14.7995999999999;41
3754127084;40.706799999999;14.7993199999999;42
3754127084;40.706779999999;14.7991899999999;43
3754127084;40.706739999999;14.7990599999999;44
3754127084;40.7063099999991;14.79827;45
3754127084;40.7062699999991;14.79816;46
3754127084;40.7063799999991;14.79785;47
3754127084;40.706539999999;14.79767;48
3754127084;40.706569999999;14.79757;49
3754127084;40.706549999999;14.79742;50
3754127084;40.706489999999;14.79736;51
3754127084;40.7063499999991;14.79716;52
3754127084;40.7062799999991;14.79691;53
3754127084;40.7060899999991;14.7965000000001;54
3754127084;40.7059399999991;14.7963400000001;55
3754127084;40.7057499999992;14.7961800000001;56
3754127084;40.7056899999992;14.7959600000001;57
3754127084;40.7056899999992;14.7956700000001;58
3754127084;40.7057599999992;14.7954000000001;59
3754127084;40.7058399999992;14.7952000000001;60
3754127084;40.7059099999991;14.7950900000001;61
3754127084;40.7059399999991;14.7949400000001;62
3754127084;40.7059299999992;14.7945600000002;63
3754127084;40.7060199999992;14.7944300000002;64
3754127084;40.7061699999991;14.7943600000002;65
3754127084;40.7064699999991;14.7943400000002;66
3754127084;40.7065799999991;14.7942800000002;67
3754127084;40.7066399999991;14.7941900000002;68
3754127084;40.7066299999991;14.7940200000002;69
3754127084;40.7064999999991;14.7938700000002;70
3754127084;40.7064099999991;14.7936900000002;71
3754127084;40.7063599999991;14.7933300000002;72
3754127084;40.7063199999991;14.7931700000002;73
3754127084;40.7062499999991;14.7931500000002;74
3754127084;40.7061799999992;14.7931700000002;75
3754127084;40.7061099999991;14.7932900000002;76
3754127084;40.7059899999992;14.7936400000002;77
3754127084;40.7058999999992;14.7937900000002;78
3754127084;40.7057699999992;14.7938000000002;79
3754127084;40.7056999999992;14.7937300000002;80
3754127084;40.7053699999993;14.7935600000002;81
3754127084;40.7051299999993;14.7932600000002;82
3754127084;40.7049799999993;14.7929400000002;83
3754127084;40.7047999999994;14.7927700000002;84
3754127084;40.7044799999994;14.7927300000002;85
3754127084;40.7043599999994;14.7928300000002;86
3754127084;40.7043399999994;14.7930600000002;87
3754127084;40.7042599999994;14.7931800000002;88
3754127084;40.7040599999995;14.7932700000002;89
3754127084;40.7036299999995;14.7933200000002;90
3754127084;40.7034599999995;14.7933900000001;91
3754127084;40.7032399999995;14.7935700000001;92
3754127084;40.7028399999996;14.7939600000001;93
3754127084;40.7026199999996;14.7941000000001;94
3754127084;40.7025299999996;14.7940900000001;95
3754127084;40.7024499999996;14.7939500000001;96
3754127084;40.7024399999996;14.7937900000001;97
3754127084;40.7024699999996;14.7934900000001;98
3754127084;40.7025299999996;14.7933300000001;99
3754127084;40.7025199999996;14.7931500000001;100
3754127084;40.7023899999996;14.7930600000001;101
3754127084;40.7022999999996;14.7930700000001;102
3754127084;40.7018099999997;14.7935200000001;103
3754127084;40.7012099999997;14.7943100000001;104
3754127084;40.7011199999997;14.7943300000001;105
3754127084;40.7010599999997;14.7942900000001;106
3754127084;40.7009999999998;14.7941800000001;107
3754127084;40.7009599999997;14.7940600000001;108
3754127084;40.7009899999997;14.7933900000001;109
3754127084;40.7009899999998;14.7931000000001;110
3754127084;40.7010799999998;14.7928300000001;111
3754127084;40.7015099999997;14.7922000000001;112
3754127084;40.7016199999997;14.7919600000001;113
3754127084;40.7016099999997;14.7914000000001;114
3754127084;40.7016299999998;14.7898700000001;115
3754127084;40.7009299999999;14.7884200000001;116
3754127084;40.7008199999999;14.7882700000001;117
3754127084;40.7006799999999;14.78811;118
3754127084;40.70039;14.7879;119
3754127084;40.70008;14.78781;120
3754127084;40.69998;14.78773;121
3754127084;40.69993;14.78761;122
3754127084;40.69993;14.78749;123
3754127084;40.69996;14.78737;124
3754127084;40.70002;14.78728;125
3754127084;40.70015;14.78721;126
3754127084;40.70054;14.7871;127
3754127084;40.70074;14.78696;128
3754127084;40.70082;14.78687;129
3754127084;40.7006;14.7862499999999;130
3754127084;40.7004700000001;14.7860099999999;131
3754127084;40.7001000000001;14.7850999999998;132
3754127084;40.6998400000002;14.7843099999998;133
3754127084;40.6997100000002;14.7837299999997;134
3754127084;40.6989700000002;14.7837999999997;135
3754127084;40.6986800000002;14.7837299999996;136
3754127084;40.6982700000003;14.7833099999996;137
3754127084;40.6978200000003;14.7829699999995;138
3754127084;40.6974600000003;14.7825599999994;139
3754127084;40.6972900000004;14.7815999999993;140
3754127084;40.6973100000004;14.7811499999992;141
3754127084;40.6973400000004;14.7808399999992;142
3754127084;40.6972600000004;14.7804199999991;143
3754127084;40.6972100000004;14.780259999999;144
3754127084;40.6971600000004;14.780189999999;145
3754127084;40.6968200000004;14.7798099999989;146
3754127084;40.6967800000004;14.7797099999989;147
3754127084;40.6968500000005;14.7794599999989;148
3754127084;40.6969200000005;14.7793499999988;149
3754127084;40.6986500000006;14.7782199999987;150
3754127084;40.6988700000006;14.7780299999987;151
3754127084;40.6990500000007;14.7776799999986;152
3754127084;40.6991100000007;14.7773499999985;153
3754127084;40.6991100000008;14.7766299999983;154
3754127084;40.6991800000008;14.7764899999983;155
3754127084;40.6992700000008;14.7763999999983;156
3754127084;40.6997900000008;14.7762699999983;157
3754127084;40.6995700000008;14.7759599999982;158
3754127084;40.6994900000008;14.7758999999981;159
3754127084;40.6994400000008;14.7759099999981;160
3754127084;40.6990400000008;14.7762699999982;161
3754127084;40.6988500000008;14.7764899999983;162
3754127084;40.6984767500007;14.7765247199982;163
3754127084;40.6973900000007;14.776059999998;164
3754127084;40.6969800000007;14.776209999998;165
3754127084;40.6968100000007;14.776189999998;166
3754127084;40.6964800000006;14.776009999998;167
3754127084;40.6955800000006;14.7754499999977;168
3754127084;40.695528935469;14.7753888434455;169
3754127084;40.6951772997466;14.775231428934;170
3754127084;40.6945591262039;14.7751317221873;171
3754127084;40.6939665264109;14.7752118272534;172
3754127084;40.6936200000004;14.7753799999976;173
3754127084;40.6937900000004;14.7756299999977;174
3754127084;40.6939100000004;14.7757099999977;175
3754127084;40.6941800000005;14.7757299999978;176
3754127084;40.6949800000005;14.7758699999978;177
3754127084;40.6951100000005;14.7759299999979;178
3754127084;40.6950300000005;14.7759799999979;179
3754127084;40.6950100000005;14.7760799999979;180
3754127084;40.6950400000005;14.7761899999979;181
3754127084;40.6942600000005;14.776379999998;182
3754127084;40.6935500000004;14.776519999998;183
3754127084;40.6932800000003;14.776529999998;184
3754127084;40.6932000000004;14.776549999998;185
3754127084;40.6914600000002;14.7764999999979;186
3754127084;40.6912700000002;14.7763499999979;187
3754127084;40.6910800000002;14.7763599999979;188
3754127084;40.6909600000001;14.7765099999979;189
3754127084;40.6907200000001;14.7765799999979;190
3754127084;40.68999;14.776739999998;191
3754127084;40.68973;14.776779999998;192
3754127084;40.6885999999999;14.776759999998;193
3754127084;40.6881599999999;14.776899999998;194
3754127084;40.6877199999998;14.7771699999981;195
3754127084;40.6873399999998;14.7771999999981;196
3754127084;40.6866099999997;14.7772999999982;197
3754127084;40.6861399999997;14.7772999999982;198
3754127084;40.6858299999996;14.7772599999982;199
3754127084;40.6851599999996;14.7769799999981;200
3754127084;40.6837099999994;14.7760399999979;201
3754127084;40.6840499999994;14.7753199999977;202
3754127084;40.6839699999994;14.7752499999977;203
3754127084;40.6839199999994;14.7751299999976;204
3754127084;40.6839099999994;14.7750299999976;205
3754127084;40.6838099999994;14.7750399999976;206
3754127084;40.6835799999993;14.7748699999975;207
3754127084;40.6830999999993;14.7743099999974;208
3754127084;40.6826599999992;14.7739499999973;209
3754127084;40.6824699999992;14.7738599999973;210
3754127084;40.6818399999991;14.7737999999973;211
3754127084;40.6813999999991;14.7739799999974;212
3754127084;40.6812899999991;14.7739599999974;213
3754127084;40.6812199999991;14.7739799999974;214
3754127084;40.6811699999991;14.7740299999974;215
3754127084;40.6811399999991;14.7740999999974;216
3754127084;40.6811399999991;14.7741999999975;217
3754127084;40.680379999999;14.7744399999976;218
3754127084;40.6798899999989;14.7736499999974;219
3754127084;40.6800099999989;14.7732399999972;220
3754127084;40.6802099999989;14.7728899999971;221
3754127084;40.6805699999988;14.7721199999967;222
3754127084;40.6796099999985;14.770159999996;223
3754127084;40.6798199999985;14.7694999999956;224
3754127084;40.6800999999983;14.7679999999948;225
3754127084;40.6802099999983;14.7677199999946;226
3754127084;40.6804099999982;14.7669099999941;227
3754127084;40.6801399999982;14.7668099999941;228
3754127084;40.6798299999981;14.766729999994;229
3754127084;40.679539999998;14.766579999994;230
3754127084;40.6790399999979;14.7663599999939;231
3754127084;40.6781999999978;14.7660399999938;232
3754127084;40.6774499999976;14.7657199999937;233
3754127084;40.6771099999975;14.7655999999937;234
3754127084;40.6759199999973;14.7650799999936;235
3754127084;40.6754099999976;14.7667199999947;236
3754127084;40.6750499999977;14.7677699999954;237
3754127084;40.6748299999978;14.7683599999957;238
3754127084;40.6744399999979;14.7689999999961;239
3754127084;40.674289999998;14.7694299999963;240
3754127084;40.6739199999981;14.7701399999968;241
3754127084;40.6736099999983;14.7709299999971;242
3754127084;40.6738699999983;14.7710599999972;243
3754127084;40.6741499999983;14.7712299999972;244
3754127084;40.6745499999984;14.7713699999972;245
3754127084;40.6748699999985;14.7719699999974;246
3754127084;40.6749099999985;14.7720699999974;247
3754127084;40.6749699999985;14.7721399999974;248
3754127084;40.6750899999985;14.7721399999974;249
3754127084;40.675131134809;14.7720920094041;250