shape_id;shape_pt_lat;shape_pt_lon;shape_pt_sequence
4057489359;40.754142498103;14.8167324246197;1
4057489359;40.7544799999976;14.817060000004;2
4057489359;40.7547599999975;14.8175300000043;3
4057489359;40.7548799999975;14.8176700000044;4
4057489359;40.7551799999977;14.8167200000039;5
4057489359;40.7552599999979;14.8161800000037;6
4057489359;40.7553799999983;14.8140000000027;7
4057489359;40.7553499999984;14.8137100000026;8
4057489359;40.7552299999984;14.8133600000024;9
4057489359;40.7543699999988;14.8115700000016;10
4057489359;40.7543399999988;14.8115000000016;11
4057489359;40.7542999999988;14.8113200000015;12
4057489359;40.7542999999989;14.8111500000015;13
4057489359;40.7543499999989;14.8109600000014;14
4057489359;40.754639999999;14.8103600000013;15
4057489359;40.754679999999;14.8102200000013;16
4057489359;40.7547399999991;14.8096200000011;17
4057489359;40.7547999999992;14.8094500000011;18
4057489359;40.7548799999992;14.8093600000011;19
4057489359;40.7551299999992;14.8092000000011;20
4057489359;40.7552199999992;14.809090000001;21
4057489359;40.7552999999992;14.808860000001;22
4057489359;40.7553099999992;14.808720000001;23
4057489359;40.7552999999993;14.8083400000009;24
4057489359;40.7553399999993;14.8081300000008;25
4057489359;40.7554099999994;14.8079000000008;26
4057489359;40.7553899999994;14.8078100000008;27
4057489359;40.7553699999994;14.8077900000008;28
4057489359;40.7553299999994;14.8078200000008;29
4057489359;40.7551399999994;14.8080200000008;30
4057489359;40.7550599999994;14.8080400000008;31
4057489359;40.7549699999994;14.8080000000008;32
4057489359;40.7549399999994;14.8079400000007;33
4057489359;40.7549399999994;14.8078600000007;34
4057489359;40.7549899999994;14.8077500000007;35
4057489359;40.7553199999994;14.8073900000007;36
4057489359;40.7553799999994;14.8073700000007;37
4057489359;40.7554699999994;14.8073700000007;38
4057489359;40.7556199999994;14.8074300000007;39
4057489359;40.7557199999994;14.8074300000007;40
4057489359;40.7557999999994;14.8073700000007;41
4057489359;40.7558199999994;14.8073100000007;42
4057489359;40.7558199999994;14.8072200000007;43
4057489359;40.7557099999995;14.8068400000006;44
4057489359;40.7556299999995;14.8064500000005;45
4057489359;40.7556099999996;14.8062800000005;46
4057489359;40.7556499999996;14.8058600000004;47
4057489359;40.7557299999996;14.8057000000004;48
4057489359;40.7558699999996;14.8056000000004;49
4057489359;40.7560799999996;14.8055700000004;50
4057489359;40.7561399999996;14.8055100000004;51
4057489359;40.7561699999996;14.8054400000004;52
4057489359;40.7562199999997;14.8047200000003;53
4057489359;40.7562799999997;14.8045300000003;54
4057489359;40.7564599999998;14.8042500000003;55
4057489359;40.7570799999998;14.8033800000002;56
4057489359;40.7572499999998;14.8030700000002;57
4057489359;40.7572899999999;14.8028500000002;58
4057489359;40.7572899999999;14.8026600000001;59
4057489359;40.7572499999999;14.8023100000001;60
4057489359;40.7572499999999;14.8021700000001;61
4057489359;40.7572899999999;14.8020000000001;62
4057489359;40.75744;14.80156;63
4057489359;40.75762;14.80118;64
4057489359;40.75767;14.80098;65
4057489359;40.75769;14.80064;66
4057489359;40.7576700000001;14.7996399999999;67
4057489359;40.7577900000001;14.7991699999999;68
4057489359;40.7578700000001;14.7987299999999;69
4057489359;40.7578800000002;14.7985199999999;70
4057489359;40.7579600000001;14.7984899999999;71
4057489359;40.7580900000002;14.7983399999999;72
4057489359;40.7581700000002;14.7981299999999;73
4057489359;40.7582200000002;14.7977899999999;74
4057489359;40.7583000000002;14.7976299999999;75
4057489359;40.7584100000002;14.7975699999999;76
4057489359;40.7586900000002;14.7974999999999;77
4057489359;40.7586400000002;14.7973699999999;78
4057489359;40.7586400000002;14.7972599999999;79
4057489359;40.7586900000002;14.7972099999999;80
4057489359;40.7587500000002;14.7969799999999;81
4057489359;40.7588600000002;14.7968299999999;82
4057489359;40.7588700000002;14.7966699999999;83
4057489359;40.7588500000002;14.7965099999999;84
4057489359;40.7587900000002;14.7963699999999;85
4057489359;40.7587900000002;14.7961699999998;86
4057489359;40.7588900000002;14.7957699999998;87
4057489359;40.7590900000002;14.7953299999999;88
4057489359;40.7591000000003;14.7952199999999;89
4057489359;40.7590900000002;14.7951799999999;90
4057489359;40.7592400000002;14.7951199999999;91
4057489359;40.7594100000002;14.7948899999999;92
4057489359;40.7595600000002;14.7947499999999;93
4057489359;40.7596800000002;14.7946799999999;94
4057489359;40.7598100000002;14.7946999999999;95
4057489359;40.7602800000002;14.7948899999999;96
4057489359;40.7604700000001;14.7949399999999;97
4057489359;40.7604700000002;14.7947999999999;98
4057489359;40.7606500000002;14.7938699999999;99
4057489359;40.7605100000002;14.7938299999999;100
4057489359;40.7603800000002;14.7937399999999;101
4057489359;40.7603500000002;14.7936999999999;102
4057489359;40.7603500000002;14.7936299999999;103
4057489359;40.7605000000002;14.7933299999999;104
4057489359;40.7605300000002;14.7931499999999;105
4057489359;40.7605100000002;14.7930099999999;106
4057489359;40.7602100000002;14.7928099999999;107
4057489359;40.7596100000003;14.7924499999999;108
4057489359;40.7595300000003;14.7924199999999;109
4057489359;40.7586400000004;14.7918299999999;110
4057489359;40.7584000000004;14.7916299999999;111
4057489359;40.7584000000004;14.7914599999999;112
4057489359;40.7582900000005;14.7911799999999;113
4057489359;40.7579600000005;14.7907299999999;114
4057489359;40.7574800000006;14.7902199999999;115
4057489359;40.7573000000006;14.7898799999999;116
4057489359;40.7571900000006;14.7895599999999;117
4057489359;40.7570000000007;14.78864;118
4057489359;40.7568800000007;14.7884;119
4057489359;40.7567900000007;14.78832;120
4057489359;40.7559700000008;14.7882;121
4057489359;40.7557100000008;14.78811;122
4057489359;40.7555800000009;14.78803;123
4057489359;40.7555000000009;14.78792;124
4057489359;40.7554400000009;14.78775;125
4057489359;40.7554000000009;14.78743;126
4057489359;40.7556000000009;14.7865800000001;127
4057489359;40.7557100000008;14.7862300000001;128
4057489359;40.7557100000008;14.7860600000001;129
4057489359;40.7555800000009;14.7856400000001;130
4057489359;40.7552800000009;14.7847700000001;131
4057489359;40.754430000001;14.7827700000003;132
4057489359;40.7547100000009;14.7826900000003;133
4057489359;40.7551700000008;14.7827100000002;134
4057489359;40.7556600000008;14.7828600000002;135
4057489359;40.7559500000007;14.7829800000002;136
4057489359;40.7563200000007;14.7830700000002;137
4057489359;40.7566600000006;14.7832000000002;138
4057489359;40.7576400000005;14.7837900000001;139
4057489359;40.7592700000004;14.7841900000001;140
4057489359;40.7596700000003;14.7842700000001;141
4057489359;40.7598300000003;14.7842700000001;142
4057489359;40.7600300000003;14.7843100000001;143
4057489359;40.7608700000002;14.7845400000001;144
4057489359;40.7617900000002;14.78471;145
4057489359;40.7619200000002;14.78472;146
4057489359;40.7619500000002;14.7842200000001;147
4057489359;40.7618200000001;14.7825600000001;148
4057489359;40.7615000000001;14.77914;149
4057489359;40.76132;14.77685;150
4057489359;40.76127;14.77659;151
4057489359;40.7612199999999;14.7759399999999;152
4057489359;40.7614599999999;14.7759899999999;153
4057489359;40.7617699999999;14.7760099999999;154
4057489359;40.7619799999999;14.7759899999999;155
4057489359;40.7621199999999;14.7758699999999;156
4057489359;40.7622499999999;14.7758099999999;157
4057489359;40.7623399999999;14.7758099999999;158
4057489359;40.7632099999999;14.7761199999998;159
4057489359;40.7634499999999;14.7761599999998;160
4057489359;40.7636799999999;14.7760999999998;161
4057489359;40.7646099999999;14.7757899999998;162
4057489359;40.7646599999999;14.7767599999998;163
4057489359;40.7646499999999;14.7771299999999;164
4057489359;40.7644699999999;14.7782199999999;165
4057489359;40.7644499999999;14.7785199999999;166
4057489359;40.76446;14.77912;167
4057489359;40.76453;14.78016;168
4057489359;40.76465;14.78096;169
4057489359;40.76466;14.78117;170
4057489359;40.76465;14.78167;171
4057489359;40.7646;14.78186;172
4057489359;40.7645;14.78206;173
4057489359;40.7639100000001;14.78284;174
4057489359;40.7638300000001;14.78302;175
4057489359;40.7637900000001;14.78326;176
4057489359;40.7637500000001;14.7839;177
4057489359;40.7636900000001;14.78449;178
4057489359;40.7635000000001;14.78479;179
4057489359;40.7634000000001;14.78507;180
4057489359;40.7633000000001;14.78541;181
4057489359;40.7632800000001;14.78553;182
4057489359;40.7633100000001;14.78567;183
4057489359;40.7634200000001;14.78595;184
4057489359;40.7634300000001;14.78606;185
4057489359;40.7632200000001;14.787;186
4057489359;40.7630600000001;14.78781;187
4057489359;40.7630600000001;14.78787;188
4057489359;40.7629600000001;14.78832;189
4057489359;40.7629400000001;14.78874;190
4057489359;40.7629100000001;14.78886;191
4057489359;40.7628500000001;14.78927;192
4057489359;40.7626100000001;14.79044;193
4057489359;40.7622200000001;14.7921499999999;194
4057489359;40.7619600000001;14.7929799999999;195
4057489359;40.7618100000001;14.7933099999999;196
4057489359;40.7619000000001;14.7933999999999;197
4057489359;40.7626700000001;14.7939299999999;198
4057489359;40.76318;14.79442;199
4057489359;40.76307;14.7946;200
4057489359;40.76306;14.79468;201
4057489359;40.76309;14.79488;202
4057489359;40.76315;14.79507;203
4057489359;40.76321;14.79517;204
4057489359;40.76332;14.79522;205
4057489359;40.76376;14.79526;206
4057489359;40.76388;14.79534;207
4057489359;40.76408;14.79563;208
4057489359;40.76417;14.79571;209
4057489359;40.76439;14.79578;210
4057489359;40.76468;14.79572;211
4057489359;40.7653299999999;14.79553;212
4057489359;40.76566;14.7954000000001;213
4057489359;40.76587;14.7953900000001;214
4057489359;40.76599;14.7955400000001;215
4057489359;40.7661299999999;14.7956100000001;216
4057489359;40.7666399999999;14.7957800000001;217
4057489359;40.7667299999999;14.7958500000001;218
4057489359;40.7668399999999;14.7961100000001;219
4057489359;40.7669399999999;14.7965400000001;220
4057489359;40.7670599999999;14.7967300000001;221
4057489359;40.7674699999999;14.7972500000002;222
4057489359;40.7677799999999;14.7975400000002;223
4057489359;40.7678799999999;14.7977600000002;224
4057489359;40.7680099999999;14.7981500000002;225
4057489359;40.7681299999999;14.7983200000003;226
4057489359;40.7682899999999;14.7984900000003;227
4057489359;40.7683299999999;14.7985000000003;228
4057489359;40.7683699999999;14.7984800000003;229
4057489359;40.7687399999999;14.7981000000003;230
4057489359;40.7689099999999;14.7979700000002;231
4057489359;40.7690299999999;14.7978500000002;232
4057489359;40.7692299999999;14.7977400000002;233
4057489359;40.7695399999999;14.7976900000002;234
4057489359;40.76957;14.7976500000002;235
4057489359;40.7696599999999;14.7976200000002;236
4057489359;40.77099;14.7974900000002;237
4057489359;40.77158;14.7974000000002;238
4057489359;40.77172;14.7993200000004;239
4057489359;40.77349;14.7994800000004;240
4057489359;40.7735100000001;14.7991400000003;241
4057489359;40.77363;14.7980600000002;242
4057489359;40.77364;14.7978700000002;243
4057489359;40.77361;14.7977300000002;244
4057489359;40.77342;14.7973800000002;245
4057489359;40.77321;14.7967900000002;246
4057489359;40.77319;14.7966500000002;247
4057489359;40.77321;14.7965500000002;248
4057489359;40.77343;14.7959300000001;249
4057489359;40.77348;14.7956400000001;250
4057489359;40.77351;14.7952400000001;251
4057489359;40.77358;14.7948900000001;252
4057489359;40.77367;14.7946300000001;253
4057489359;40.77372;14.7946100000001;254
4057489359;40.77375;14.7945600000001;255
4057489359;40.77375;14.7945100000001;256
4057489359;40.77379;14.7944800000001;257
4057489359;40.77388;14.7942400000001;258
4057489359;40.77359934;14.7940313300001;259
4057489359;40.77367421;14.79298208;260
4057489359;40.77410699;14.79293178;261
4057489359;40.77404;14.79325;262
4057489359;40.77394;14.7940000000001;263
4057489359;40.77388;14.7942400000001;264
4057489359;40.77379;14.7944800000001;265
4057489359;40.77375;14.7945100000001;266
4057489359;40.77374;14.7944400000001;267
4057489359;40.7737;14.7944000000001;268
4057489359;40.77365;14.7943900000001;269
4057489359;40.7736;14.7944100000001;270
4057489359;40.77357;14.7944600000001;271
4057489359;40.77357;14.7945200000001;272
4057489359;40.77346;14.7945300000001;273
4057489359;40.77275;14.7950100000001;274
4057489359;40.77219;14.7954200000001;275
4057489359;40.7719;14.7955800000001;276
4057489359;40.77132;14.7957100000001;277
4057489359;40.77117;14.7957200000001;278
4057489359;40.77118;14.7959400000001;279
4057489359;40.77117;14.7962700000002;280
4057489359;40.77107;14.7974800000002;281
4057489359;40.77158;14.7974000000002;282
4057489359;40.77172;14.7993200000004;283
4057489359;40.77349;14.7994800000004;284
4057489359;40.7734800000001;14.7995600000004;285
4057489359;40.7735000000001;14.8007200000005;286
4057489359;40.7734800000001;14.8010900000005;287
4057489359;40.7734300000001;14.8014200000006;288
4057489359;40.7734300000001;14.8015700000006;289
4057489359;40.7735100000001;14.8020500000007;290
4057489359;40.7735100000001;14.8023800000007;291
4057489359;40.7735500000001;14.8033700000009;292
4057489359;40.7734200000001;14.804290000001;293
4057489359;40.7732900000001;14.8049400000012;294
4057489359;40.7732800000001;14.8051200000012;295
4057489359;40.7733000000001;14.8053800000013;296
4057489359;40.7733500000001;14.8057400000013;297
4057489359;40.7733500000001;14.8058600000014;298
4057489359;40.7733100000001;14.8060500000014;299
4057489359;40.7733200000001;14.8061100000014;300
4057489359;40.7733500000001;14.8061700000014;301
4057489359;40.7737000000002;14.8064200000015;302
4057489359;40.7738200000001;14.8064400000015;303
4057489359;40.7740000000002;14.8063900000015;304
4057489359;40.7743600000002;14.8062300000014;305
4057489359;40.7744400000002;14.8061300000014;306
4057489359;40.7744700000002;14.8060500000014;307
4057489359;40.7744100000002;14.8057700000013;308
4057489359;40.7744100000002;14.8056700000013;309
4057489359;40.7744300000002;14.8055500000013;310
4057489359;40.7745300000002;14.8053200000012;311
4057489359;40.7754700000002;14.8035800000009;312
4057489359;40.7755500000002;14.8035000000009;313
4057489359;40.7757100000002;14.8034800000009;314
4057489359;40.7758200000002;14.8035400000009;315
4057489359;40.7759500000002;14.8036700000009;316
4057489359;40.7760000000002;14.8037900000009;317
4057489359;40.7760300000002;14.8039500000009;318
4057489359;40.7760300000002;14.804310000001;319
4057489359;40.7760600000003;14.804460000001;320
4057489359;40.7761600000003;14.804610000001;321
4057489359;40.7767200000003;14.8052200000012;322
4057489359;40.7768400000003;14.8052600000012;323
4057489359;40.7768900000003;14.8052500000012;324
4057489359;40.7769500000003;14.8052000000011;325
4057489359;40.7770500000003;14.8050000000011;326
4057489359;40.7770600000003;14.8049200000011;327
4057489359;40.7770100000003;14.8048300000011;328
4057489359;40.7767600000003;14.804540000001;329
4057489359;40.7767100000003;14.804400000001;330
4057489359;40.7766800000003;14.804150000001;331
4057489359;40.7766800000003;14.8039500000009;332
4057489359;40.7767400000003;14.8037700000009;333
4057489359;40.7768400000003;14.8036300000009;334
4057489359;40.7770100000003;14.8034900000008;335
4057489359;40.7771300000003;14.8034300000008;336
4057489359;40.7775700000003;14.8033000000008;337
4057489359;40.7779600000003;14.8031200000007;338
4057489359;40.7784600000003;14.8029300000007;339
4057489359;40.7786500000003;14.8028800000007;340
4057489359;40.7787400000003;14.8028800000007;341
4057489359;40.7788300000003;14.8029300000007;342
4057489359;40.7789700000003;14.8030600000007;343
4057489359;40.7795500000004;14.8038600000008;344
4057489359;40.7796800000004;14.8040100000008;345
4057489359;40.7798000000004;14.8040900000008;346
4057489359;40.7799900000004;14.8041400000008;347
4057489359;40.7802000000004;14.8039700000008;348
4057489359;40.7803700000004;14.8037800000007;349
4057489359;40.7805600000004;14.8034400000007;350
4057489359;40.7806200000004;14.8032700000006;351
4057489359;40.7806600000003;14.8029300000006;352
4057489359;40.7806800000003;14.8028700000006;353
4057489359;40.7807200000003;14.8027800000006;354
4057489359;40.7808200000003;14.8027000000005;355
4057489359;40.7817700000003;14.8021900000004;356
4057489359;40.7823400000002;14.8016000000003;357
4057489359;40.7824400000002;14.8015300000003;358
4057489359;40.7829100000002;14.8014400000003;359
4057489359;40.7832000000002;14.8013000000002;360
4057489359;40.7835400000002;14.8010500000002;361
4057489359;40.7837700000001;14.8009400000002;362
4057489359;40.7843800000001;14.8007400000001;363
4057489359;40.7844600000001;14.8006300000001;364
4057489359;40.78462;14.80026;365
4057489359;40.78471;14.80014;366
4057489359;40.78497;14.79996;367
4057489359;40.78527;14.79983;368
4057489359;40.78534;14.79978;369
4057489359;40.7853899999999;14.79966;370
4057489359;40.7854399999999;14.7993499999999;371
4057489359;40.7855099999999;14.7991199999999;372
4057489359;40.7860899999998;14.7981899999998;373
4057489359;40.7861399999998;14.7981999999998;374
4057489359;40.7862299999998;14.7981199999998;375
4057489359;40.7865799999997;14.7977499999998;376
4057489359;40.7867299999997;14.7976199999998;377
4057489359;40.7872599999996;14.7974699999998;378
4057489359;40.7873699999996;14.7973899999997;379
4057489359;40.7874599999996;14.7972299999997;380
4057489359;40.7874899999996;14.7970699999997;381
4057489359;40.7875099999995;14.7965699999997;382
4057489359;40.7875599999995;14.7964099999997;383
4057489359;40.7877199999995;14.7961299999997;384
4057489359;40.7878599999994;14.7956899999997;385
4057489359;40.7880199999994;14.7954199999997;386
4057489359;40.7882999999993;14.7950599999997;387
4057489359;40.7884099999993;14.7949799999997;388
4057489359;40.7884999999993;14.7949499999997;389
4057489359;40.7886299999993;14.7948599999997;390
4057489359;40.7890399999992;14.7942699999997;391
4057489359;40.7892299999991;14.7941099999997;392
4057489359;40.7892899999991;14.7940999999997;393
4057489359;40.7893299999991;14.7940299999997;394
4057489359;40.7891299999991;14.7940599999997;395
4057489359;40.7890399999992;14.7939999999997;396
4057489359;40.7887799999992;14.7935999999997;397
4057489359;40.7886299999992;14.7935799999997;398
4057489359;40.7884699999992;14.7935899999997;399
4057489359;40.7884099999992;14.7936199999997;400
4057489359;40.7883199999993;14.7934699999997;401
4057489359;40.7883099999992;14.7933399999997;402
4057489359;40.7883399999992;14.7931899999997;403
4057489359;40.7885799999992;14.7926299999997;404
4057489359;40.7885999999992;14.7924999999998;405
4057489359;40.7885699999991;14.7924299999998;406
4057489359;40.7884799999992;14.7923799999998;407
4057489359;40.7883499999992;14.7923399999998;408
4057489359;40.7881599999992;14.7923999999998;409
4057489359;40.7881399999992;14.7923499999998;410
4057489359;40.7880899999992;14.7923099999998;411
4057489359;40.7880199999992;14.7923099999998;412
4057489359;40.7878699999993;14.7922399999998;413
4057489359;40.7877899999993;14.7921699999998;414
4057489359;40.7876399999993;14.7918099999998;415
4057489359;40.7875799999993;14.7917499999998;416
4057489359;40.7874599999993;14.7915599999998;417
4057489359;40.7873299999993;14.7913999999998;418
4057489359;40.7872699999993;14.7912699999998;419
4057489359;40.7872299999993;14.7910799999998;420
4057489359;40.7871699999993;14.7909599999999;421
4057489359;40.7864399999994;14.7903499999999;422
4057489359;40.7863199999994;14.7901899999999;423
4057489359;40.7860899999994;14.7896499999999;424
4057489359;40.7859099999995;14.7893199999999;425
4057489359;40.7857799999995;14.7891299999999;426
4057489359;40.7856999999995;14.7889;427
4057489359;40.7855499999995;14.78827;428
4057489359;40.7852699999995;14.78747;429
4057489359;40.7845599999996;14.7858400000001;430
4057489359;40.7845799999996;14.7856300000001;431
4057489359;40.7844599999996;14.7851100000001;432
4057489359;40.7843699999996;14.7841700000001;433
4057489359;40.7843199999996;14.7839900000001;434
4057489359;40.7842199999997;14.7838700000001;435
4057489359;40.7840499999997;14.7837200000001;436
4057489359;40.7841199999997;14.7835500000001;437
4057489359;40.7841399999997;14.7834200000001;438
4057489359;40.7841299999997;14.7832900000001;439
4057489359;40.7838199999997;14.7826800000001;440
4057489359;40.7836699999997;14.7822600000001;441
4057489359;40.7835799999998;14.7819800000001;442
4057489359;40.7834899999998;14.7814600000001;443
4057489359;40.7832399999998;14.7810400000001;444
4057489359;40.7832599999998;14.7810100000001;445
4057489359;40.7832499999998;14.7809500000001;446
4057489359;40.7832299999998;14.7809300000001;447
4057489359;40.7831899999998;14.7809400000001;448
4057489359;40.7831399999998;14.7808400000001;449
4057489359;40.7830899999998;14.7807800000001;450
4057489359;40.7830699999998;14.7806000000001;451
4057489359;40.7831799999998;14.7803400000001;452
4057489359;40.7834299999999;14.7794100000001;453
4057489359;40.7836799999999;14.7785600000001;454
4057489359;40.7837699999999;14.7784200000001;455
4057489359;40.7839799999999;14.7782800000001;456
4057489359;40.7842599999999;14.7781500000001;457
4057489359;40.7843499999999;14.7780500000001;458
4057489359;40.7844799999999;14.7778100000001;459
4057489359;40.7845999999999;14.7774500000001;460
4057489359;40.7846599999999;14.7771800000001;461
4057489359;40.7847099999999;14.7767600000001;462
4057489359;40.7847799999999;14.7763500000001;463
4057489359;40.78486;14.77602;464
4057489359;40.78495;14.77578;465
4057489359;40.78512;14.77541;466
4057489359;40.78521;14.77495;467
4057489359;40.78548;14.77467;468
4057489359;40.7858;14.77411;469
4057489359;40.78603;14.77365;470
4057489359;40.78606;14.77354;471
4057489359;40.7860600000001;14.7733199999999;472
4057489359;40.7861900000001;14.7732199999999;473
4057489359;40.7858500000002;14.7717899999997;474
4057489359;40.7858600000002;14.7715799999997;475
4057489359;40.7861800000003;14.7705299999996;476
4057489359;40.7862700000004;14.7700799999995;477
4057489359;40.7863300000004;14.7696199999995;478
4057489359;40.7864000000006;14.7684899999993;479
4057489359;40.7863600000006;14.7679699999992;480
4057489359;40.7862700000007;14.7675899999991;481
4057489359;40.7861900000007;14.7671199999989;482
4057489359;40.7861300000008;14.7665299999988;483
4057489359;40.7861000000009;14.7659799999986;484
4057489359;40.786110000001;14.7651999999984;485
4057489359;40.7860900000011;14.7648499999983;486
4057489359;40.7860400000012;14.7641099999981;487
4057489359;40.7859300000013;14.7630599999977;488
4057489359;40.7859300000014;14.7628899999976;489
4057489359;40.7860000000015;14.7623299999974;490
4057489359;40.7860200000015;14.7618999999973;491
4057489359;40.7860100000015;14.7616899999972;492
4057489359;40.7858200000017;14.7605999999967;493
4057489359;40.7857500000018;14.7600299999964;494
4057489359;40.7859500000018;14.7598999999964;495
4057489359;40.7860400000019;14.7597799999964;496
4057489359;40.7861300000019;14.7595399999962;497
4057489359;40.7852500000019;14.759239999996;498
4057489359;40.785010000002;14.7589699999958;499
4057489359;40.784750000002;14.7587199999956;500
4057489359;40.784510000002;14.7584599999955;501
4057489359;40.7841100000021;14.757659999995;502
4057489359;40.7838900000021;14.7572599999947;503
4057489359;40.7831900000022;14.756239999994;504
4057489359;40.7828800000022;14.7558699999937;505
4057489359;40.7824700000021;14.7562699999939;506
4057489359;40.782740000002;14.7568599999943;507
4057489359;40.7828339532198;14.7569687877131;508