shape_id;shape_pt_lat;shape_pt_lon;shape_pt_sequence
137411424;40.6679326867491;14.7208419397646;1
137411424;40.66795;14.72094;2
137411424;40.66799;14.72101;3
137411424;40.66803;14.72099;4
137411424;40.66835;14.72283;5
137411424;40.66838;14.72311;6
137411424;40.66837;14.72341;7
137411424;40.66809;14.72481;8
137411424;40.66809;14.72557;9
137411424;40.66819;14.7266200000001;10
137411424;40.6682;14.7269900000001;11
137411424;40.66819;14.7271700000001;12
137411424;40.66816;14.7273200000001;13
137411424;40.66806;14.7274800000001;14
137411424;40.66797;14.7277300000001;15
137411424;40.66795;14.7279400000001;16
137411424;40.66799;14.7282100000001;17
137411424;40.66812;14.7287000000001;18
137411424;40.66827;14.7291600000002;19
137411424;40.66835;14.7293100000002;20
137411424;40.6685;14.7294300000002;21
137411424;40.66896;14.7298700000002;22
137411424;40.66903;14.7299800000002;23
137411424;40.66916;14.7304100000002;24
137411424;40.6695;14.7311200000003;25
137411424;40.66957;14.7311700000003;26
137411424;40.66964;14.7311900000003;27
137411424;40.66973;14.7311500000003;28
137411424;40.6701;14.7307000000003;29
137411424;40.67017;14.7306700000003;30
137411424;40.67025;14.7306800000003;31
137411424;40.67035;14.7307600000003;32
137411424;40.6705;14.7311200000003;33
137411424;40.67046;14.7319000000004;34
137411424;40.67047;14.7319600000004;35
137411424;40.6705;14.7319800000004;36
137411424;40.67054;14.7319700000004;37
137411424;40.67058;14.7319300000004;38
137411424;40.6706;14.7310200000003;39
137411424;40.67072;14.7300600000002;40
137411424;40.67069;14.7299100000002;41
137411424;40.67064;14.7297700000002;42
137411424;40.67059;14.7297000000002;43
137411424;40.67047;14.7296100000002;44
137411424;40.67023;14.7295400000002;45
137411424;40.67026;14.7294200000002;46
137411424;40.67033;14.7293400000002;47
137411424;40.67049;14.7292800000002;48
137411424;40.67071;14.7293300000002;49
137411424;40.67086;14.7293100000002;50
137411424;40.67092;14.7293400000002;51
137411424;40.67103;14.7294800000002;52
137411424;40.67105;14.7296100000002;53
137411424;40.67095;14.7303700000002;54
137411424;40.67096;14.7304300000002;55
137411424;40.671;14.7304800000003;56
137411424;40.6711;14.7305200000002;57
137411424;40.67101;14.7311300000003;58
137411424;40.6710232324513;14.7312235351166;59
137411424;40.67115;14.7311000000003;60
137411424;40.67128;14.7309100000003;61
137411424;40.67138;14.7307000000003;62
137411424;40.67144;14.7304600000002;63
137411424;40.67154;14.7297400000002;64
137411424;40.67168;14.7294100000002;65
137411424;40.67183;14.7292400000002;66
137411424;40.67201;14.7290900000002;67
137411424;40.6722;14.7290100000001;68
137411424;40.6725;14.7288500000001;69
137411424;40.67263;14.7287400000001;70
137411424;40.67302;14.7286200000001;71
137411424;40.6732;14.7284800000001;72
137411424;40.67331;14.7283300000001;73
137411424;40.67334;14.7282300000001;74
137411424;40.67335;14.7280500000001;75
137411424;40.67334;14.7280100000001;76
137411424;40.67321;14.7278600000001;77
137411424;40.67322;14.7277500000001;78
137411424;40.67373;14.72615;79
137411424;40.67384;14.72591;80
137411424;40.67405;14.72563;81
137411424;40.67407;14.72556;82
137411424;40.67407;14.72545;83
137411424;40.67383;14.72484;84
137411424;40.67375;14.72468;85
137411424;40.67371;14.72464;86
137411424;40.67365;14.72462;87
137411424;40.67337;14.72465;88
137411424;40.67266;14.72481;89
137411424;40.6724;14.72495;90
137411424;40.67224;14.72507;91
137411424;40.67221;14.72502;92
137411424;40.67218;14.72501;93
137411424;40.67201;14.72502;94
137411424;40.67173;14.72482;95
137411424;40.67166;14.72479;96
137411424;40.67134;14.72478;97
137411424;40.67126;14.72475;98
137411424;40.67116;14.72458;99
137411424;40.67082;14.72378;100
137411424;40.67079;14.72364;101
137411424;40.6708;14.72353;102
137411424;40.67084;14.72342;103
137411424;40.67091;14.72332;104
137411424;40.67143;14.7229;105
137411424;40.67154;14.72272;106
137411424;40.67158;14.72253;107
137411424;40.67178;14.72207;108
137411424;40.67181;14.72196;109
137411424;40.6718;14.72187;110
137411424;40.67174;14.72167;111
137411424;40.67173;14.72151;112
137411424;40.67174;14.72142;113
137411424;40.67186;14.72119;114
137411424;40.67191;14.72105;115
137411424;40.67193;14.72092;116
137411424;40.67193;14.7208;117
137411424;40.67191;14.72066;118
137411424;40.67187;14.72055;119
137411424;40.67181;14.72045;120
137411424;40.67172;14.72037;121
137411424;40.67162;14.72035;122
137411424;40.67151;14.72037;123
137411424;40.67137;14.72045;124
137411424;40.67076;14.72106;125
137411424;40.67062;14.72112;126
137411424;40.67055;14.72112;127
137411424;40.67044;14.72108;128
137411424;40.67033;14.72101;129
137411424;40.66988;14.72038;130
137411424;40.66953;14.72003;131
137411424;40.66945;14.71991;132
137411424;40.66942;14.71979;133
137411424;40.66943;14.71963;134
137411424;40.66948;14.71931;135
137411424;40.66955;14.71914;136
137411424;40.66958;14.71911;137
137411424;40.66961;14.71911;138
137411424;40.6697;14.71871;139
137411424;40.66985;14.71841;140
137411424;40.67008;14.71816;141
137411424;40.67019;14.718;142
137411424;40.67023;14.71784;143
137411424;40.67025;14.71743;144
137411424;40.67021;14.71702;145
137411424;40.67015;14.71675;146
137411424;40.67011;14.71669;147
137411424;40.67001;14.71659;148
137411424;40.66987;14.71655;149
137411424;40.66966;14.71652;150
137411424;40.66957;14.71655;151
137411424;40.66927;14.71684;152
137411424;40.66917;14.71691;153
137411424;40.66889;14.71692;154
137411424;40.66842;14.7168;155
137411424;40.66828;14.71673;156
137411424;40.66823;14.71667;157
137411424;40.66817;14.71652;158
137411424;40.66805;14.71634;159
137411424;40.66798;14.71631;160
137411424;40.66776;14.71628;161
137411424;40.66769;14.71618;162
137411424;40.66772;14.71613;163
137411424;40.66775;14.71612;164
137411424;40.66785;14.71618;165
137411424;40.66796;14.71618;166
137411424;40.66806;14.71621;167
137411424;40.66835;14.71634;168
137411424;40.66839;14.71633;169
137411424;40.66839;14.71629;170
137411424;40.66837;14.71625;171
137411424;40.66775;14.71598;172
137411424;40.66744;14.71582;173
137411424;40.66713;14.71563;174
137411424;40.66698;14.71553;175
137411424;40.66692;14.71546;176
137411424;40.66686;14.71529;177
137411424;40.66684;14.71502;178
137411424;40.66687;14.71468;179
137411424;40.66686;14.7145;180
137411424;40.6669;14.71441;181
137411424;40.66697;14.71431;182
137411424;40.66705;14.71424;183
137411424;40.66726;14.71416;184
137411424;40.66741;14.71405;185
137411424;40.66746;14.71396;186
137411424;40.66755;14.71359;187
137411424;40.66759;14.7135199999999;188
137411424;40.66769;14.7134299999999;189
137411424;40.66799;14.7133399999999;190
137411424;40.6681;14.7132799999999;191
137411424;40.66821;14.7131499999999;192
137411424;40.66827;14.7130399999999;193
137411424;40.66833;14.7127399999999;194
137411424;40.66832;14.7124599999999;195
137411424;40.66827;14.7121299999999;196
137411424;40.66828;14.7120599999999;197
137411424;40.66864;14.7116799999999;198
137411424;40.66881;14.7115399999999;199
137411424;40.66898;14.7114399999999;200
137411424;40.66912;14.7113899999999;201
137411424;40.66954;14.7113499999998;202
137411424;40.66958;14.7113299999999;203
137411424;40.66965;14.7112499999998;204
137411424;40.66963;14.7110599999998;205
137411424;40.66964;14.7107199999998;206
137411424;40.66993;14.7104099999998;207
137411424;40.66996;14.7103399999998;208
137411424;40.66997;14.7102699999998;209
137411424;40.66996;14.7101899999998;210
137411424;40.66978;14.7097399999998;211
137411424;40.66978;14.7096299999997;212
137411424;40.66985;14.7094299999997;213
137411424;40.66986;14.7092699999997;214
137411424;40.66984;14.7091899999997;215
137411424;40.66979;14.7090999999997;216
137411424;40.66967;14.7089299999997;217
137411424;40.66968;14.7088499999997;218
137411424;40.66971;14.7087999999997;219
137411424;40.66979;14.7087299999997;220
137411424;40.67009;14.7085399999997;221
137411424;40.67047;14.7083699999996;222
137411424;40.67071;14.7083399999996;223
137411424;40.67082;14.7082899999996;224
137411424;40.67075;14.7084299999996;225
137411424;40.67065;14.7085399999997;226
137411424;40.670562950365;14.7085783019379;227